100
167322 185532
155666 679565
507900 60774
876397 908148
260709 125602
91673 947038
520576 662680
957452 51864
276680 180369
246972 440190
349166 933133
5382 764116
312818 969603
723625 601328
544184 819371
673682 495281
598259 260159
925999 799232
965865 536925
212237 199012
884959 546577
953770 519977
443516 228191
702479 160956
378596 73224
200975 57445
440210 162948
769310 285988
44213 787315
170807 502108
415247 213510
980845 608430
204474 507054
750673 489351
934132 623147
115310 674409
455434 134007
176 598012
448737 268953
156756 58269
32207 785018
784001 489852
571917 481182
884517 14148
411110 940851
235772 835119
496555 611740
507206 333691
939340 977788
258522 170635
973820 856692
105532 978200
331744 960493
488140 197215
459500 902331
495965 57894
989784 402174
714262 743352
456097 943068
704854 167468
484501 755640
279195 309332
988231 217858
53025 817871
333149 457107
592704 115945
380065 810754
692436 449412
824669 86606
247220 858099
607530 576828
890893 999254
62775 952873
946761 923641
866007 393700
481343 422708
649952 571951
965488 947150
314545 184579
237554 631095
704636 873829
893356 836461
594990 358789
172912 453273
29653 93571
717836 638695
17811 161401
782653 151830
466185 52170
450113 963992
869738 533908
793935 168559
99986 875520
825282 977666
483020 909731
763198 695742
890474 451230
647686 730040
430862 15165
406464 692568
