1000
619037 166507
535353 286288
584514 116807
948217 69517
612088 964492
796783 950720
924459 691592
644882 397618
424690 619440
277916 633030
321577 78753
600975 528005
772737 275590
869846 208047
284692 457798
800645 647182
781746 898314
566293 400601
905953 835696
289030 472663
275176 470287
418118 663449
635990 433231
139276 33716
339038 775344
378165 2953
44646 601398
425556 545264
332904 413746
978198 791465
219697 344206
443088 255342
977748 94449
829803 437080
592491 593234
517412 685766
634453 605333
774501 805642
884620 589684
141955 286860
966399 127737
505939 181654
443740 190997
970592 724479
4939 399877
648064 829498
525168 458021
188873 600189
994330 561923
704883 649071
115304 391333
28454 929457
526066 472066
554373 570492
604751 835931
156437 445351
182598 934026
728577 865914
808209 38990
991194 261796
64918 28216
413372 909397
982310 196406
923780 882576
540756 631770
906114 644622
416894 403774
585142 331214
235760 317489
568552 149884
923082 368237
340698 236092
242992 428687
512415 914667
151478 933131
994994 944679
997946 582692
69435 312295
247858 720594
617740 584447
795323 522252
234100 749049
410824 987219
865896 694327
108023 763565
884976 185103
954797 9712
190069 791325
492088 622081
176220 661518
218079 719374
662739 626555
311288 632034
476958 359497
1892 369427
960926 128366
703620 69657
74975 876957
466041 135152
868703 967144
224472 342729
72481 177599
890644 21656
988436 100515
793650 618511
662264 905754
7059 162553
44990 830415
175413 339509
450921 603488
969036 215930
515431 718006
82725 759632
695545 103439
355265 209074
965082 268938
562898 465012
975902 535105
217363 978225
695442 890593
920876 986428
314005 88602
359172 386973
913375 485254
198525 557148
969236 101853
949818 332918
319753 934714
92946 300396
297602 527995
607753 184933
301469 853407
316733 666017
747807 998589
856150 42009
195224 988237
255563 436791
231256 984137
277362 5896
556970 628411
467441 19707
28994 253232
904040 62085
605716 730023
115357 516146
586500 616724
174969 741035
728285 865485
983204 807603
104309 732812
178633 378327
281352 67447
14668 589222
660946 948906
973302 726987
66948 993972
786024 93665
675981 636388
90020 65241
265506 5565
357520 130772
608652 960100
683822 540951
615237 156839
882083 7663
375300 902369
344428 181160
223324 394517
356062 238703
920984 360573
247488 973488
255787 549919
916185 3932
885329 581014
262996 458990
148759 456557
117514 331922
581346 573263
645899 123929
702073 153429
653305 189821
867468 927602
500538 593740
105231 242687
21058 365282
422402 795418
882795 435708
54721 931602
652854 869192
419358 760841
466476 544033
66761 21416
444027 648422
675626 407484
587768 713593
195778 838547
609005 263521
408667 62262
965040 11133
886002 572569
216377 362486
882435 477321
532031 301934
782436 897496
705336 307514
856352 757461
960870 860126
770467 145241
180597 123590
659652 795536
328333 863114
877984 237255
91654 264307
154863 640675
26085 471409
799499 858945
987946 174195
164599 785094
924864 459055
610093 814124
727971 241821
83912 542410
334863 649948
710844 106014
717087 5476
275407 680991
423096 812976
160168 730130
919416 62744
619635 884150
169056 891875
622875 905190
100893 403492
972025 823289
470994 365346
131340 722404
114461 355953
4086 936291
817763 557033
634419 124119
914768 442267
950661 15729
999760 869362
722358 127566
611069 591881
562691 405183
501432 827158
495306 950803
762352 17077
62629 797315
907376 331353
536630 89671
749581 279454
901841 321059
249737 390300
692647 695467
462932 825866
868594 369440
206489 497057
784504 644177
99790 61029
14414 14991
131981 759862
922946 239531
505239 135068
802135 776226
964186 472138
30058 345300
905302 405284
335757 336058
156874 828846
383289 7453
892312 193244
50665 998418
463196 633554
364794 466595
400556 956679
5145 153759
267934 512549
259304 111213
706181 614740
292460 595423
221539 637881
148856 49097
4069 925407
461606 320766
311068 411082
472220 308958
220812 273672
77132 933130
711585 516051
524384 290626
855248 519618
750 511314
631528 123425
349943 266318
47861 377678
405206 266732
622385 837164
601540 979293
155046 691711
686901 751955
860582 35329
284713 8962
298557 286130
371147 916594
473689 644959
867746 378707
383413 863782
669829 626756
654025 703098
4253 595759
852122 388719
250393 380771
126790 375098
228913 438605
523776 790566
610901 35200
565867 549317
126587 913151
859407 348116
171407 379892
550565 756809
302365 963013
63156 428532
978013 301513
179778 235123
706300 522205
679219 974403
577794 164432
395757 559264
310481 220234
679724 995210
781990 582051
382099 381153
539775 891848
885944 699144
274504 956610
50027 126138
211612 356692
568024 500676
815500 10157
201675 787980
346857 580497
444315 246269
536550 98417
678934 591693
757616 480832
474920 822843
235958 471651
168449 799510
109701 870968
288236 700520
236021 892798
877147 368021
383557 336840
39320 90386
80527 503339
471786 927777
313293 788010
2102 365000
857324 412693
634579 318944
609965 869539
914687 823386
814137 450450
926929 630380
728390 419647
981356 120236
276669 706974
612076 34042
155345 385201
727323 406831
21805 901559
936363 203329
957915 300623
481996 853001
792333 506438
447925 169982
208337 768026
278462 785341
710510 960984
779624 476192
837599 630473
269450 904006
669413 844952
249209 941909
39260 638058
366202 392955
262342 390168
145828 49802
855074 423800
354273 559618
96283 851945
634214 419257
832583 458782
38501 587223
4741 426048
478394 795673
896008 968608
275698 67065
94903 517548
207586 736151
443115 446271
673761 735267
476435 705102
930891 209204
425442 671048
56676 135647
561786 289564
790142 74645
102987 623596
451649 160476
416664 652827
168596 825441
661856 830195
537032 725592
143719 197914
297442 64898
358519 904322
313677 377947
168790 898720
519619 552680
449584 61338
640474 784885
945139 376656
124318 896439
551930 183190
131615 912419
686574 16926
151160 835547
702144 306330
607614 436355
721032 357539
994460 124044
575688 390561
965066 693618
528090 45229
546655 968474
203535 898493
849894 971950
717255 590165
626237 413559
689167 250041
316529 157364
64636 333664
508684 262177
632997 712202
664661 562545
823291 163911
504872 50219
399864 179294
629338 708294
339508 881783
996177 798634
111371 527074
347561 951519
637188 212879
102236 827516
164773 464997
369724 749622
884742 782315
546929 435123
18084 591150
751538 687754
611633 135037
546545 480413
774567 665841
957048 145191
905600 267748
61924 735038
985287 442424
67283 481238
116883 176593
460349 681115
13307 806902
617311 200763
915212 528960
357023 364831
125270 619427
24565 301965
178386 885818
604189 520155
180204 260450
337539 614414
525496 433419
34419 576616
115299 97368
940968 98978
162781 796182
63589 659912
187997 780750
95376 920789
862569 739297
688746 821614
740260 690404
203674 586903
290879 14303
971061 56216
257970 622371
167577 113529
734480 546576
947447 283639
466347 56453
362577 914281
825051 287172
27718 471671
429320 323950
232471 90156
102170 382993
85186 311468
414435 269938
442413 398044
541808 991693
754560 858691
509018 548629
354837 385720
600977 167314
184198 436035
412335 264464
398694 960935
975019 597570
449006 316968
738092 198462
297499 631481
483819 693830
201219 624246
638352 464990
734856 88525
756121 310526
213009 443487
979399 77141
432569 608437
259564 659249
3861 481556
707495 343935
266479 901370
857726 562128
810154 883506
127396 645352
867386 115768
623662 864575
673288 420124
765212 798296
82463 178458
522651 875420
222344 850269
248438 889862
943138 966672
636087 885340
146449 250115
860439 369423
511590 526558
90839 398196
148879 853532
347670 248515
607703 514359
295728 971409
959684 96357
245450 130995
342180 609319
190973 897757
75715 123359
411695 869103
365719 836943
749891 299457
440282 281894
909478 941127
545747 62217
87356 125523
319587 409417
601256 815773
742372 549702
284661 532334
644119 133068
353208 838879
997479 569389
554132 305348
262456 528026
339185 985918
218876 667547
561977 573049
993244 887312
441724 98729
416171 771687
744503 877300
632648 239323
885128 739877
400079 821535
464331 488077
333224 395672
779270 154035
715771 609903
499983 117514
510300 759946
720757 262328
898866 314626
912980 630583
256477 132983
645781 965383
535675 239028
710975 788409
835639 95591
947649 392817
802039 362765
58897 488232
506422 219452
687489 491575
92581 499179
806818 210269
422651 700134
35505 239501
869517 549881
157117 195219
511065 877910
54966 300610
836534 96040
980152 406389
890916 224163
178882 844638
17201 286750
280225 18694
651759 402042
74174 469451
791607 202341
762562 985582
504331 201024
400969 382293
542264 355919
27194 561428
596935 839196
546257 449454
834438 393054
586252 247708
558177 239291
664528 67177
380533 406333
553241 960603
869251 930468
157089 579691
500465 688121
744468 926731
652927 156913
953561 414121
763316 679110
995390 613919
604304 181041
226527 267540
959078 830622
769748 613931
371018 368125
194037 986737
972626 656368
124682 329190
563229 861270
380536 359356
493455 387557
240445 467428
853969 491963
545462 889389
22678 713773
42129 451855
998263 753546
643962 24564
793087 969097
22133 444156
773336 373806
903264 863086
186756 708593
826527 754223
680014 556233
334448 745655
413249 857381
215608 253309
142379 10758
542883 146313
883546 910658
246523 889646
466730 925123
910506 121898
777359 182445
120690 260142
640401 236684
966471 899287
474053 329146
609964 258729
792774 675396
722032 284553
717565 848009
159973 610304
428967 845442
951378 831707
601126 798090
79701 469012
506178 59190
606169 778517
452417 594486
943601 24098
77787 658168
946147 463742
679184 497810
711725 276710
46385 734312
928088 247369
968531 384034
76800 408088
725079 487512
892383 127081
305395 877895
124642 385526
475901 403446
863970 170332
346946 378035
984284 747374
555194 262981
527655 24898
33189 28498
780864 942549
888502 620964
281019 808710
108048 833564
63376 450392
473375 332377
59265 528226
949599 269368
916000 342051
374055 480319
426576 499018
780465 186520
448619 744951
17415 413301
134553 674585
83035 294866
913753 855733
58109 307743
590673 393872
383167 483422
354204 962351
945013 628997
447133 413181
993052 313170
892036 490803
611342 578379
7536 325984
893086 161009
112867 159131
613755 697274
403373 438957
998455 715258
864993 977358
555736 504131
528280 696327
204189 217048
86590 713000
806670 185929
204961 558152
490592 957953
916847 134654
450891 662690
261868 198256
902423 221548
643530 337964
805841 837845
621847 615759
44366 261993
605465 515737
212173 994354
505785 304405
980804 966444
280888 364357
781034 437345
650626 553112
504798 146525
362652 820786
866039 397180
849229 742171
471553 536195
892484 452787
436686 111550
294290 80309
598992 91651
869576 73785
138240 438819
718451 103207
534202 904131
785055 628445
356895 478947
431091 324910
731936 896680
190942 586778
320635 939050
947988 355136
846576 102814
743342 221676
94059 146516
843056 252494
206790 143380
364531 160047
942864 379142
691563 216505
731004 94691
220688 890229
296971 842390
60285 849423
876136 630584
738461 357330
225667 170254
250092 198662
189324 802864
245602 129705
691457 119257
257514 784510
730050 61953
252274 727599
675715 708405
480832 618613
498651 736263
991963 330834
648364 565872
643139 926560
15834 298007
657922 606387
232796 232916
964218 907731
850102 909395
628457 347860
749330 230788
940646 766718
692127 918040
665157 797359
354496 918842
256528 814982
196799 538087
305309 184566
533298 212958
832871 593329
865296 13336
407737 50784
849284 77614
959733 517088
40889 2904
176864 455700
306086 778442
947748 213826
100618 798271
356561 602013
252937 919297
353343 845821
545378 104294
955398 761178
533897 411303
529719 795216
89845 353140
368966 41986
640113 627762
24571 78618
415463 489123
223881 137394
555542 593198
686263 592493
655095 516784
110478 437580
298287 235660
702705 232132
451427 460863
654056 741499
413726 417120
52967 680523
441742 585173
126164 269132
926986 547167
649600 401385
22530 363617
626767 320995
356388 622769
721688 180150
554333 200871
691311 651725
805709 722552
211588 252433
441738 460353
586663 391287
749897 174072
919875 154562
374671 779329
989083 299147
913584 646424
348503 812850
433945 922430
825986 261141
344288 55516
446330 755886
508847 284614
305095 155328
580290 715932
511162 451528
890218 201340
625752 290858
636429 383507
852987 233668
698602 776629
226480 891509
731522 350088
571846 347020
838840 61721
457647 27882
657962 873051
572093 895337
628333 612345
416258 75019
26557 707478
804751 972911
963210 999418
745889 956351
24824 849358
695891 108810
428250 651566
773705 122540
302685 525056
210602 269008
19046 783063
929560 641174
571396 754458
723657 550144
22262 725443
561662 642707
881141 243485
268264 532703
416810 987150
252034 22245
875800 938135
545428 320636
799546 263105
315034 407473
302634 426162
532030 302553
769579 142051
518868 858024
545890 750391
763909 867170
501601 265046
513812 47635
552727 788619
170773 128584
259516 155788
619397 744949
332828 630072
283427 443410
122060 317934
149482 624012
984460 34334
318418 881459
565062 811128
278490 575823
666651 648226
773654 372000
247541 37634
252145 76731
808267 754203
557694 833469
32172 350544
77542 404248
883427 36642
876282 634056
407061 480176
119390 9099
799052 229128
414312 252777
305790 55433
340171 877145
501993 171507
397954 928701
725004 826286
571250 689111
772923 600524
195963 541156
604466 85886
32345 4972
75605 806677
416912 584689
517446 500618
637695 365093
594605 297925
41343 821869
45798 563695
889212 104575
674752 252980
638909 767771
303230 236250
213142 304148
294438 935792
190505 117891
946281 206320
552158 512517
562906 824530
163560 616764
901758 985278
108181 531832
302780 214331
890693 396529
