1000
556232 4398
527081 993102
51778 378344
516645 197849
843824 768523
830327 634405
982973 382104
932264 832469
407479 459615
536059 475189
204936 265200
375350 324516
40824 977077
816124 948313
979499 156272
169793 835679
482453 596722
532058 98562
473155 835212
21997 933113
647627 254282
681781 95657
281335 770960
837892 319257
554891 923280
343823 683505
707013 833095
546884 5897
154040 799077
127580 708881
613358 556924
920905 177275
113537 584680
701973 405800
423418 822761
621489 117109
333552 380493
664578 369381
703326 270638
683183 426746
541144 960921
762015 521361
816406 195173
238111 271766
114188 162740
407613 493414
224645 945673
636826 664780
511159 714578
161937 132793
982906 176214
199152 931914
348123 404275
115717 236060
397581 169448
735443 366175
359745 83696
893250 408898
236895 187283
223944 21467
683447 942316
588158 189736
827951 59291
537877 804294
849216 111057
41556 380033
988319 110695
100709 44192
406378 669843
293883 864859
299759 296773
263963 560398
238909 214222
571558 709027
479262 473847
879347 550606
610220 180527
425595 204065
898790 61754
822919 692388
914119 258403
708341 78226
129585 479880
901804 664946
211698 154404
12 728007
766209 192847
76207 639573
520493 843128
306125 724377
921964 715424
843165 80822
949649 638754
963774 240693
333963 44803
169300 859194
216710 346462
571384 385707
41951 309582
307220 625634
833690 920311
791334 215055
226248 516600
63078 490458
819773 847365
890954 678208
698222 414210
44813 729681
386093 601074
660389 993438
75543 791448
108528 46162
208538 751382
995306 503347
21442 980904
723632 711799
467208 438356
966737 116845
478578 588823
652829 952171
377246 975239
23653 185080
195409 87101
135597 520281
598336 726603
759226 397602
561796 949453
342201 987511
465220 768617
984238 259311
93494 759055
387092 131259
771483 386608
594104 637215
264213 446677
762839 59992
806937 679446
899892 500005
404529 945799
859428 603525
953668 859143
335689 689549
178149 688459
694662 875882
509002 121853
367234 649340
729680 30553
323599 855860
840829 377300
246792 151614
825309 304790
438277 412662
132222 215936
274847 156306
905518 727519
526285 466778
261842 946849
784785 897710
578306 93464
375074 880190
340486 916470
484682 685489
798034 984460
700099 192253
188871 909216
535782 879079
694675 175414
105641 389652
816601 35933
550875 595765
881201 764298
953026 531368
614717 706829
910441 724088
964519 572912
75889 900724
352392 656409
980248 894251
284292 374127
643864 239092
531548 654864
583280 120406
773586 284324
693866 244188
239746 539066
564175 726874
848447 834217
802036 878523
755593 866759
199610 518698
201548 499145
728340 558921
643690 651750
47308 833911
830396 343382
752264 949120
550873 632671
13027 361353
184405 521059
208253 175905
332108 703568
342395 150550
613612 461136
177227 762045
789748 531396
615830 733257
396321 893346
95682 79765
902119 590548
56347 799620
221270 639127
476953 346015
625169 170182
888024 878483
983774 766123
859657 890206
635176 743148
724409 880284
475522 218338
70557 187653
244785 451802
335392 329452
24068 250478
190895 397821
88295 439065
378274 521045
532294 577471
678158 29975
515871 742389
789444 368877
355181 506951
482812 212409
996157 775722
784404 910234
367297 735511
537426 895839
187513 144053
360198 574120
367401 513559
292720 428486
991167 282708
797075 480763
31955 232137
221410 523981
683257 986030
157880 500181
586745 7365
283762 522064
54482 624788
717288 653790
119903 840538
705269 71819
915610 209571
483138 209002
31079 864680
380089 140362
462868 815800
86808 745480
590118 612090
189746 443821
665608 705978
432412 734347
71004 451366
590852 915325
926883 177935
773077 734560
471029 215396
278152 825480
422550 962495
207267 718331
487720 888727
366594 111353
681745 810153
872030 757349
574309 202952
908474 869924
718508 492722
3261 336717
844515 880732
227410 590660
625143 867047
129714 924263
953543 150438
5257 53010
492625 418197
905276 586703
496794 601444
527363 996937
304432 34966
762951 429520
328165 257304
960983 335797
326046 473570
543246 139454
859982 519563
801192 237259
696181 354519
127433 588308
505078 930915
108337 928881
421290 942182
887148 471820
254654 807663
694839 59817
484373 665526
614024 822092
771652 680409
64874 434219
557327 752432
387656 359473
521916 722268
913702 285340
769821 271026
511718 325328
704664 408131
895900 81679
842337 163813
168942 21044
984753 861723
734586 847326
378335 209287
776707 873976
4844 877137
461419 743398
127524 365651
360269 962883
240132 955854
361273 60886
736135 968236
626872 989048
345725 765222
327876 989618
807137 343769
447178 794660
671820 559950
566260 832331
64171 651888
101886 710110
913085 587759
30199 87253
199583 889652
410482 601217
680153 542203
743685 318479
51740 741322
753236 705992
78745 220586
69236 789568
379630 199611
905766 114274
357659 1201
467108 420143
318164 641953
906814 757010
300599 874119
457032 520682
27677 615739
250523 538604
249706 42167
911041 353947
285532 196701
904921 840842
547936 420546
607358 627724
207919 160762
515463 585644
186765 118415
300744 404676
877606 945987
305885 407526
177138 587228
659002 890389
126465 51212
711660 189386
946739 741613
558774 184108
348621 382215
184568 83320
273049 847054
749685 686374
999544 169692
919055 64045
192012 437504
878432 743385
192931 499805
646236 51364
735537 683298
647699 277205
558469 410618
398107 459705
354200 151562
40058 812889
461101 463465
332649 389331
484113 262450
479424 443064
302189 261893
784570 395331
869145 317899
220292 819928
970985 423168
921554 809953
183964 471063
621085 325288
958250 490474
315831 571230
303280 147420
246883 582954
673037 647534
945644 789623
679286 800318
614130 71636
830752 706126
710526 192862
560348 667964
457673 879545
107715 881234
440755 236581
841101 823662
488233 813071
228360 893626
731890 126454
292242 983717
877127 573691
923473 289731
980845 6096
621640 824180
619389 58081
614904 582535
864612 50237
610053 851653
690692 237729
595944 721746
104024 910562
974601 807631
306040 548457
28083 239167
867695 945549
560643 698229
469925 590713
102013 301497
871845 360263
21331 242646
865490 386674
343425 928907
783319 912863
250436 925720
509344 990515
295128 458496
203064 781168
252426 174002
816528 561082
712504 663254
742593 529624
544899 332889
700527 652294
336464 869060
424215 497204
208562 387948
825947 712540
391231 150969
829745 111636
308920 110574
187555 633167
286186 126702
399753 295892
505817 518459
348196 555989
2073 214289
256215 392339
319678 378665
867300 354407
349750 262095
755081 400036
420571 934003
300080 380704
863351 312168
143949 570861
642504 9748
528374 621694
627952 880471
314293 132459
102008 780761
580468 949110
644560 305893
43889 219322
394378 182724
3510 794045
551653 327902
496250 244824
849994 543843
875336 870561
63746 410084
817006 951183
214507 770789
990759 603200
153906 857226
449925 73750
358955 989862
269143 413054
565912 82785
733354 392193
781220 262521
964945 930822
957718 485856
688161 601398
672757 507919
985581 812703
158615 129133
791721 537705
176891 999150
605637 65364
144170 88872
773814 197427
504923 931709
229625 943263
492354 571532
600487 639949
327365 807439
426183 115856
353607 44011
223356 21894
465366 560182
369817 971347
298933 137826
200678 892751
171166 611327
696460 290719
451550 711880
987930 786052
288690 335738
880349 678824
360545 34430
17207 248856
764837 989711
258219 704357
560304 434663
871896 596359
313210 664988
689327 353175
401550 157531
372224 772052
460909 197999
382355 179688
360207 908678
377584 729790
906437 382266
388163 217377
412897 726441
598513 381340
271106 12516
509812 658354
687482 601754
369737 25317
949963 964965
849194 407822
489786 41510
360974 812109
284410 781740
909055 223744
996529 81667
798192 80724
147648 903511
246100 598123
41121 948725
590445 545536
414273 822614
334742 381789
176279 998245
779413 650545
357088 735305
739537 844995
424370 928716
8813 498829
837913 296418
413769 618083
28412 252369
132518 665568
729459 111692
785869 990261
963705 768058
578915 49076
684041 800873
758551 688925
783634 523285
1624 299957
65429 172877
433464 712983
283801 755926
127038 441199
208955 768823
225635 416431
388716 600530
842441 964534
413751 18769
970902 670917
109240 819555
591365 319897
518067 172090
804896 527123
559043 433466
2930 399406
798212 705093
629216 189173
961438 99544
992651 239517
423392 730283
419285 9349
127228 984759
844513 816487
701484 332725
784063 367228
744737 199050
305595 126193
329284 797202
859165 376706
765188 114735
18563 672629
793464 561614
789488 558819
885941 925870
302938 806492
253934 349163
800843 239979
656960 419498
869171 139587
969539 55359
297550 809115
425322 385074
867761 898961
27063 413592
359898 575605
67917 865816
120156 250290
564988 969734
726277 441102
183512 415451
176216 637463
716597 978060
193402 960276
81398 487935
826920 454910
117950 715830
296144 812248
800711 698254
688152 297986
179096 754829
563539 790536
522125 922131
932354 708022
170942 20634
114874 874654
669696 648876
381095 962566
942181 250992
795999 289683
472349 906764
443706 208561
254820 365286
197997 901454
815366 287632
752627 608427
186333 695984
134105 163029
191436 481364
252926 449442
183665 128128
852045 727338
223230 310265
81853 533537
916035 364951
415624 232626
730124 925093
865705 710686
994090 979613
54118 812466
735979 512904
487123 729104
202553 686053
289210 377894
791179 221319
221061 455546
788995 796176
12220 933572
740727 239613
131516 898613
335604 229112
476409 754149
962217 619086
946518 118679
690271 453560
77054 964597
915970 141142
370764 211011
104395 711247
416518 12233
131662 477767
238374 693019
981399 288825
835083 945864
945788 717858
480230 883862
141918 190097
395426 581749
864031 578094
489974 419554
187290 818487
834213 760896
51862 464592
440412 510038
105957 903256
585458 636492
839505 444312
924255 56724
227583 834061
58391 265856
636667 531958
187802 328122
853925 568250
416660 522032
224516 528014
43164 218593
92092 468496
129388 348094
635057 705722
942135 513402
393948 122215
919881 84455
359749 407800
464795 946647
162460 394187
521438 155442
307239 948277
318839 129154
560858 176364
598903 803819
655649 183492
949193 70611
830699 634014
597656 760709
213590 50627
452744 747440
660750 835436
167885 424666
456336 733851
761131 305071
548125 192730
464784 85577
209795 419178
629788 957826
705814 645986
441459 658102
166286 909599
162400 220805
948498 876502
114724 719990
115920 424030
797822 660428
527751 520768
833647 925232
568276 248354
117873 138181
3941 804640
271228 334709
248288 507961
157254 583267
469713 803508
572073 73576
606167 856831
506746 874263
778752 365477
308636 493112
630065 584074
424414 610144
886312 109615
520808 165305
477834 612086
191509 869422
216269 755654
126457 334982
905035 343935
72073 961867
745308 29174
123524 943099
290397 794045
344571 581482
398172 515900
651562 5838
427911 678328
336590 146573
150232 696889
575187 775721
630923 917915
419881 316992
722398 145637
749325 336180
380160 705517
336315 117805
593417 406722
120931 477637
23229 625430
9557 690876
209669 981982
726021 505344
518469 998764
648225 679263
880022 675011
56919 77695
896083 498561
522693 701782
98969 785522
5417 592904
91587 34776
137872 240028
326709 446861
542555 795138
639494 755097
332283 970547
553760 694921
245349 892713
23534 405543
860371 997735
404356 512186
427349 866465
195972 303256
599800 32930
944595 533552
42444 3200
379341 985441
848621 776214
217571 772396
732002 777819
27967 408193
808096 379709
217893 746094
297758 315269
903397 492355
407077 441386
257746 619986
291023 846765
739142 457058
857153 440939
309718 159766
9988 126675
107187 83834
680322 440722
187649 180945
125116 364158
735818 268819
977461 486354
731991 94525
251403 779638
984418 520181
375048 894240
264179 211562
535097 867232
152792 138499
447469 401326
124848 219033
117887 262156
360214 862378
184756 505236
765198 988855
163911 677915
108334 969840
889455 815147
126923 457952
95835 436453
624860 52188
143204 235246
980142 890076
623116 915341
848288 488905
14116 344769
164992 790096
409452 397245
326342 487680
302420 101137
91052 2685
553575 344787
224411 224049
347380 815214
826523 975027
50701 571490
567 906856
535558 668454
240321 598534
321416 714772
367728 325423
444235 881617
520335 520253
561805 565682
953840 214095
528065 703976
597205 558100
701135 587963
726524 375439
746774 212535
180816 256811
3282 721833
740822 336824
514972 542446
281963 629435
431279 823393
892034 598139
351697 617204
979178 300070
999114 197704
127355 471284
824215 238153
76798 959018
438059 375402
431984 277765
306211 817881
921288 402538
459755 621123
631208 256743
590656 94728
176681 904224
267196 661063
496650 839455
518173 60962
89608 51374
793376 325217
202386 83364
74132 811366
648348 263643
909633 47825
853956 776469
140726 291599
761823 369606
926126 841025
266243 129843
338275 299405
518268 680319
313067 184790
551396 244225
269869 220701
257732 225943
275953 412724
903612 159257
525490 435337
598606 348126
782820 613960
556331 194090
368199 571573
655947 523140
83387 387276
908095 733603
916430 777894
213274 458831
296428 509938
252411 540558
481472 688866
379456 904585
36640 270147
770110 874062
991809 616120
942289 779134
27780 411440
291287 208852
73712 444898
235372 367523
367839 809898
668763 23401
783099 730472
400808 384103
891717 560903
191895 654351
527747 504969
54986 121164
467530 281543
239534 695270
233966 622430
503051 848203
392625 893379
713861 881104
891516 256606
280418 869982
615965 221947
466995 272172
739341 110469
359448 248138
586989 866961
703316 554205
902413 195525
359345 67648
122847 949931
45798 866889
867388 347893
198702 747703
201460 397305
617849 909122
920706 350470
753696 715258
183739 302673
597457 711418
613466 551509
727092 262418
530908 945172
