1000
721185 434259
569018 728013
427053 102263
324123 846814
329567 393316
630553 898596
997915 807304
796918 935616
538585 614780
69758 328980
90392 588348
988325 888720
890437 443735
13601 804080
522287 304940
762450 806357
218028 133425
805577 212707
463022 53859
356058 300214
525142 676801
595303 867657
692633 685760
296824 821894
689094 629680
214253 302558
813964 424266
788345 425178
173649 459665
138836 631869
442328 397859
731807 906650
905422 879046
16044 171581
391166 515865
933738 582648
622594 775271
395217 475693
971059 794506
652364 331761
619644 230040
555381 7613
563571 743814
548391 740859
415484 976671
568850 260806
699212 910764
330088 326572
621881 652829
626393 506877
545780 897220
789595 274972
247671 129489
48444 193859
124885 319356
506164 925144
480124 856134
116282 388193
497310 890431
653664 955508
226012 236719
506377 884138
161737 798485
401356 645153
712668 550496
393373 780073
263550 463392
666468 309169
802421 7864
555837 592753
506818 913279
200100 318916
598365 802305
982827 745916
211508 460801
524983 336298
277581 416134
374208 452447
499767 84018
835180 309240
339656 269433
804159 768160
475431 996145
317620 328546
576742 103055
300745 664944
275492 331643
95914 93088
835830 577048
139315 196182
601640 259753
942480 836233
864677 488675
989526 731134
355161 555344
931836 309542
652849 903722
695800 861930
30530 871901
893663 519518
544335 393739
31204 599227
866391 158053
17505 572444
146636 719053
681670 98037
483865 731421
658021 131469
342112 568051
332830 72848
87929 296959
987671 920069
665044 488828
586225 263526
288101 181074
877065 34693
37192 603333
27540 865844
89795 718588
699340 467858
993385 22921
193530 477087
686113 771588
454707 217410
515635 513112
132898 212090
426212 282138
816295 788342
346446 976333
619363 612545
199312 595161
404149 179830
614665 388419
143134 947189
289984 859196
592799 53421
547613 386105
427285 986499
245959 270293
289345 791990
860291 15367
54358 798408
23746 523754
752918 401906
674147 836918
962766 973478
74631 964665
880224 606461
339559 139892
102731 513539
836148 198249
134829 194488
558983 162801
137971 474959
620439 514277
595944 458485
954542 321397
634105 117466
673516 283460
337926 725337
173052 34540
137776 500030
362538 575438
791145 272216
349420 835589
927115 251346
997798 163524
141923 534641
425075 432646
969869 439350
597007 395009
954890 833393
145019 322380
350636 648453
770844 11759
777988 748301
310436 138178
201136 814408
790697 827811
217339 380635
567430 457579
851813 53628
713665 854405
581125 845325
173209 241932
107324 277738
249721 116989
978218 126853
615457 710978
118067 581661
342457 567126
725878 179988
273216 325923
168866 663858
249081 709745
857732 875067
676410 389321
384925 892832
497976 399823
186280 853271
911906 446895
671292 660519
336783 429296
28191 880477
354160 752277
695241 530329
409534 85116
234391 750928
967374 853413
525060 578818
108013 898654
264358 483623
678995 983208
767675 269308
339610 613175
93274 8757
982480 17700
339219 408525
639632 618230
342300 166198
774167 957741
781512 949440
327703 330295
903382 264881
853110 32149
133570 228015
649426 233985
464843 853038
927535 722000
518194 645443
960867 151166
446994 423114
553064 86042
625296 617254
326245 218072
993064 963717
354758 903341
591464 266459
431458 323805
303924 199303
46943 132881
363485 289229
781429 33778
927023 895287
309954 784079
38233 729931
505577 61140
880386 294279
856204 273081
846510 772622
385198 33820
882429 128067
217493 884389
32019 603388
415856 460117
252741 347430
504380 399085
623556 216192
148240 668995
152417 655661
469512 228127
74525 485169
21925 654977
115719 22690
480126 688924
526618 969767
610522 971311
801551 911962
723526 216183
202702 654446
340736 548639
329410 173318
935127 883582
422879 723812
784298 550798
420623 56347
335518 827717
1428 470174
148624 651954
735396 296355
979530 931287
382819 19947
390557 652298
592935 957302
828821 699844
170464 40479
168694 287396
714555 358742
217665 136874
210906 643626
753485 829336
423095 175210
52170 983621
9496 222851
949755 954436
53343 724119
250971 802761
368995 30053
432264 987408
139189 32939
146568 635013
754655 932722
765906 121130
912787 915467
434950 839947
295361 154767
761354 532391
266789 252183
316045 896360
617666 555615
463182 766091
651707 248326
415768 734899
319746 51662
206041 828918
403115 609346
629309 26686
57435 16694
476540 361192
851880 592532
463568 326322
603992 946307
934538 382900
541501 465595
877232 334702
844691 203785
446467 616942
509327 441766
918048 195772
199750 89986
169935 388403
244761 955815
728127 841517
752931 750584
267439 709521
121765 825944
710240 320227
232805 638606
510487 546788
899374 492486
289647 142428
971831 785226
905362 138430
975316 308584
914900 46486
211347 663562
406485 219906
425040 101086
45836 56412
688972 794960
897121 753146
793858 368422
542579 62456
392285 872588
992276 411008
541901 299954
952848 637165
829384 621066
711783 756346
515011 730086
76202 964213
982586 123312
487144 616926
89225 483990
962387 708554
202942 307587
346845 826219
265296 916680
822221 933559
147554 186023
470598 549870
205109 275767
477111 360913
214494 727118
794616 148904
775859 188567
933681 531233
208221 736118
542939 244566
132811 335688
971680 272643
526534 880990
886697 341942
811857 491327
930920 982078
459380 996083
592875 324136
8354 795534
877362 295361
693577 17631
986347 351444
610548 420356
775405 996852
855979 232659
249869 800316
168164 920194
725564 604622
60309 347657
922738 359400
610360 782710
345512 689748
697574 980838
772530 17979
649940 847684
316020 473501
202659 501034
403686 765861
987407 914092
169270 899856
425578 576398
507579 879140
674726 373301
477500 300840
563377 826175
823287 252326
446296 386413
465703 740687
383247 280076
263778 513085
861054 262544
659969 966135
935723 347098
735203 519844
114206 491384
318335 13987
178214 666090
129019 456878
973907 608547
516388 118420
919531 364771
375989 291377
483538 146895
932005 274082
245632 917459
927456 806535
49602 57481
430374 966467
221647 301121
87828 574570
935465 522944
683227 435605
975087 394678
142243 409034
242490 25293
563155 530262
266191 834517
284996 33033
273257 132148
508892 25614
619849 765803
983672 31555
932075 266861
73553 740883
419689 461599
356771 641509
894780 20796
151143 16679
272649 160987
998302 326898
945063 444259
195138 982149
222994 818060
428433 940166
332556 101530
624453 114869
948328 923456
393840 658445
248359 755929
872192 411346
4194 213051
244048 196968
600900 177382
494772 282263
589496 334455
683697 544389
818886 324180
757038 956006
685103 975196
442345 881096
949485 445536
802407 293874
161128 515588
784400 802843
305451 926269
341399 202505
609908 550689
825954 667296
286790 239649
711200 425918
60005 577507
388321 24823
308643 839102
128847 786756
853915 498279
276428 851910
632005 141157
541892 670552
820274 715760
795957 628334
834128 589012
785479 192254
239553 321342
620629 167560
735570 515340
407111 320024
733226 946256
84313 708478
89865 77605
96484 627346
869000 635505
178677 722487
544502 573097
178602 723450
772337 791635
564818 348835
802085 621291
6297 795698
576426 126778
260476 631563
589099 127737
108526 733578
251147 575984
221569 904922
747438 418440
497893 245829
501872 602203
892289 8941
602673 168674
83880 283641
156576 609154
296009 16262
317620 247610
545080 108458
603450 204546
616615 89131
359547 54857
868595 151924
566014 916915
152645 3508
186934 485917
902238 663195
74877 562711
817125 58708
870432 557696
149234 370171
303284 207746
315041 722633
385310 227534
816126 531117
3499 919684
305480 37327
50624 710908
718401 843262
388641 886340
603892 168390
559656 322956
319650 515167
143555 710540
25679 526345
499536 306114
42052 719306
811106 98965
443140 486391
749925 133547
416717 628070
88981 297750
63995 572880
959445 977146
549960 148036
19108 780387
95192 608249
925565 323130
954537 323608
631568 431406
142449 25575
861871 23866
900957 501548
142028 521068
827457 156222
564959 30487
249498 842037
125748 862923
526832 815141
383576 993811
235677 83958
340075 676761
982124 927326
72692 43990
442881 561191
996178 656857
567783 423942
822203 262611
907025 400521
599877 848893
343377 6888
947498 545419
107701 127449
58877 13049
357222 846916
507946 248445
481363 911461
460568 4360
736411 265393
775143 524947
125111 172965
794190 515774
216037 655540
621026 534773
118660 973998
272517 567201
465577 728071
471104 766968
728271 474093
763977 146914
858658 864141
76740 294264
915497 855858
738312 254557
635241 62124
626129 384439
46800 177910
167368 101692
133367 955447
653753 566531
552334 54053
118446 477169
545282 255992
371622 808403
136681 963489
803280 267743
342058 403997
510707 434014
57866 17687
397832 597763
451090 943653
583766 376854
322307 65871
712063 583380
124086 113875
532857 185583
510125 807733
962647 589655
536972 879908
266768 566551
788113 561939
275047 389566
803829 90864
953961 421104
545194 326541
734108 519278
530212 474926
914859 209693
400093 996399
684022 676168
4766 834182
478939 882857
587937 709489
299761 313820
423836 677798
669229 409678
646982 143658
27086 300894
637046 42984
838765 490881
43404 804617
539542 481892
866598 888989
813930 654623
47480 55209
345021 904302
786541 603317
881308 352799
901330 871334
179147 125033
867330 581086
407975 893088
703710 170304
644642 50017
738988 563493
229068 851433
678763 100973
744326 382548
950573 123080
404019 11419
10723 529286
122 103091
635896 253608
409856 991293
728017 926363
893239 920681
556663 810348
597074 749285
282829 690147
479432 507611
599654 523053
553621 995291
799962 570949
193441 649086
894867 825649
464865 800964
771531 87584
636931 109541
261126 976222
220866 205145
437703 525723
568911 387598
323663 88466
557610 355092
185749 914681
676899 496019
165444 605404
798973 567729
971244 99266
452293 202363
303009 419332
918400 445478
725696 713148
975585 746064
986058 433781
504335 182475
799558 850758
13230 962793
392813 624709
550592 465326
627342 128972
280845 807933
572391 327393
840452 878643
105107 274072
539485 946365
953984 817863
965761 703633
110151 447802
992618 429438
616593 335222
569542 247743
524937 662605
604165 136159
286166 779078
868280 966052
749826 870754
906371 890115
937775 596912
112260 35986
522451 426089
996837 26615
870986 909455
86816 555081
969283 932810
413972 685845
563367 283082
518184 316643
52758 151320
989050 482744
819678 176083
473305 376941
718773 46195
943991 160323
785304 188387
157606 255329
463184 134744
72620 241167
656761 563164
983564 84733
187724 812763
576063 9282
250300 96254
305673 113863
425772 652524
526568 958510
387875 620755
705633 142541
34712 280692
125512 61492
120712 919136
157176 999305
302908 356900
608525 794674
792091 533310
438876 159766
504767 687528
79030 692093
593810 388729
375666 957778
34624 603152
657702 188467
545640 229195
105543 331857
111837 694099
265634 843898
573520 278679
192447 330744
56608 214762
88551 354480
484096 355399
371913 532453
32073 250600
223235 715521
155171 778636
850700 165618
437211 571060
909668 974251
880103 706068
267690 535876
736145 493325
523064 158337
552137 833035
466006 130427
775845 708112
228179 295279
419288 651584
62198 118576
849850 132072
931664 430617
587978 30539
661440 451423
408630 981730
302269 107341
236518 984581
298512 456838
824282 153672
861716 839414
26698 222349
886427 773812
310435 946218
612767 621342
390014 746065
164227 111639
846009 874731
653144 648660
550069 834407
297532 908773
598795 369329
217476 194738
31696 226192
845573 694241
659820 819369
989281 192604
740732 116790
156703 731553
471795 557078
283306 804477
404913 26850
189877 179308
163612 20951
113302 173251
695466 38818
400178 912882
219708 432326
611294 121663
444811 167233
633388 937746
617597 645900
522562 462792
2049 489599
708458 866424
268907 161745
427673 79124
616366 619015
736861 499041
253962 46476
606002 125162
36105 125580
731534 886401
534293 70150
14137 944286
825282 414329
346735 896728
645492 932233
502551 538295
36928 256430
141803 739247
431145 289860
268924 685420
584094 50926
518753 123973
65910 709901
11569 556360
555352 409275
256679 753500
428504 796742
607207 294157
927048 670962
749765 695450
800909 594253
130891 786307
228407 553688
602915 857195
201581 691638
901949 193837
974079 860527
844313 774542
609210 900270
244959 194061
900099 150711
287682 594134
335064 887481
941145 487183
502623 441313
288756 679229
472391 445456
601814 747852
512628 808607
375995 809346
974107 501723
687178 81958
630162 168719
486939 448684
688275 12936
425193 205241
794448 868507
164910 714737
53343 731605
982404 436603
709605 669346
75485 996453
754434 546731
259119 212881
725449 171815
503637 360526
366758 636197
668198 867614
362324 212952
870081 232978
315853 857923
271654 930152
436098 213491
431101 385140
806027 528513
979324 783870
662920 144473
906527 279645
451096 332576
468207 976682
818952 925957
282694 842801
984133 318406
23488 255321
541332 2187
983212 10671
254621 890390
656806 695459
810606 25028
108860 722905
42318 607095
488272 194284
231521 798551
884675 86099
436225 314486
512840 639835
801269 993307
763025 431198
182460 848992
279344 669486
671458 624236
632226 898405
367269 602291
52389 928335
34307 111526
888878 514764
33337 38487
729257 98714
682693 156059
584904 422793
121424 661501
856773 276605
113200 147999
916122 806435
815455 621123
485972 292835
403763 756052
607731 131433
413438 236349
97270 759165
233081 844605
942185 141925
441591 14726
496611 255598
241015 241100
42878 814262
662102 785379
185223 837133
103151 654229
917738 796014
255546 415170
640350 379085
396802 249453
120210 315281
49440 110964
741295 358650
563695 212538
807172 613972
437473 297617
369740 871058
746181 627186
570964 503677
147033 907658
744653 779598
87363 342173
376645 763817
