100
270100 5842
642726 583002
487412 513632
947202 90901
884835 706337
694185 845672
711815 871698
970608 964312
833425 996706
947589 738469
287297 740887
406348 522389
841285 766770
565048 246941
974508 831274
728741 910654
761920 896325
34344 665282
74246 507466
609131 968593
764805 117974
757293 393212
189684 875479
807116 802322
720560 552299
143441 288160
61735 102910
17164 452345
8381 357528
35191 835632
505307 407280
54864 103800
154299 182114
318164 361483
965988 912333
942758 110736
787324 112202
353961 657229
216481 792900
529909 402027
417731 543385
266671 275842
430717 918734
905938 20908
210549 174275
814906 798561
112773 715965
831429 378591
877980 821326
652100 336
791887 834453
363539 612301
637349 329996
596646 79778
80397 607330
6289 638427
958693 608216
696164 18722
46312 135276
733472 289931
259803 908909
995838 842221
105420 778040
109894 225130
742604 689292
443495 266598
383025 174320
99062 229669
390299 387550
550993 621634
902345 572277
904683 431342
917525 406435
269625 445039
775149 596641
962249 710194
612751 409343
866587 553202
604641 694236
242448 538022
186388 742889
873542 96303
352769 232986
37067 912186
154046 142584
930641 570417
404989 58479
425133 832474
24612 368914
871600 366934
614666 49432
667125 499103
595635 888489
659862 700600
384143 80808
174889 601731
214615 415729
22402 652497
573241 762929
909066 503062
