1000
699279 717703
791013 214665
325048 27518
126720 991627
144807 426776
97343 466173
570236 667492
290895 335121
692961 965582
604823 759722
404899 89432
649292 139672
586026 948782
939031 798878
399704 351516
282550 884612
993921 879544
510250 500453
5845 408097
695082 864675
394923 38240
994186 196317
700436 494741
821281 347499
896188 950174
343693 17678
751857 107461
724888 40270
393657 254867
765322 474591
328389 162010
437317 487787
619440 72992
654660 712018
721679 392925
252750 640270
288753 7678
726876 336871
436902 692780
764073 278409
189331 192253
725509 890625
994607 465635
509352 346850
7413 197268
197103 21710
235598 531225
569317 10646
116824 638615
518581 466197
754341 771319
865554 12438
364418 157818
719851 87101
387448 32630
462134 184123
154046 693081
206768 657218
201248 160504
924624 157421
543899 298554
283139 431741
988793 612019
96330 530665
74487 939766
423402 700959
310282 989356
343345 695148
330659 286001
48065 914275
878058 114574
982465 379331
302922 962990
226818 813156
750645 139172
185370 848732
734815 256301
41967 675420
185535 664586
997134 143582
735848 390633
458713 81696
22231 115062
272398 862159
233621 802619
420252 652237
942465 860578
566324 657046
639835 63322
597840 184401
17763 549924
801410 529057
848123 233610
301256 833547
850376 129979
450574 433041
435248 289572
374753 775523
167230 980138
173531 564723
631915 733955
787934 786542
37626 420325
2036 493548
495859 865620
636967 998921
886615 901480
275941 289114
201404 113820
553160 304526
118198 780036
382144 464616
464017 741744
549091 580391
4006 888856
4715 905613
492667 673364
991765 503052
263717 964465
13440 875861
294754 803991
13159 400999
262173 420369
335830 597196
287161 678675
196477 412375
158215 928383
527662 813845
179456 664370
122094 476959
70674 331287
581427 247591
970436 73016
196666 737352
58411 55823
181268 16498
983524 758699
243439 342679
305056 3613
428130 581782
960600 635528
181497 926546
355380 879428
965342 335791
535020 526156
195924 375348
588025 381900
80794 964790
240297 880060
923444 647107
760864 154553
695648 552836
197953 501670
933365 927903
360214 906062
62985 474874
652340 15971
724593 793740
53557 969906
259896 382154
325602 690962
396801 734377
935776 691399
191280 364277
982753 685135
536487 84326
304122 55767
362699 514958
266489 243275
819887 772267
538232 620820
554904 959349
919103 873028
895809 783510
836269 177568
716179 253497
721425 845385
640515 637606
888453 266607
127282 334870
653975 811332
381528 762906
54986 127505
81974 649660
43809 135011
846885 353747
543838 489819
979525 798576
301382 210953
515628 176676
159336 853342
432042 96065
999254 691838
900901 543343
69483 568529
792963 58852
615862 409807
353038 818675
598408 203468
409167 203923
6458 679645
30672 917662
328614 63891
367899 316115
116167 173802
984955 884997
279074 899617
808940 951271
486350 3555
188738 759638
46709 841873
694079 409883
50473 100768
726813 649792
171263 765616
995876 562719
227737 460580
578745 124701
817905 523546
368995 986383
854742 706424
940792 547484
112394 363775
706060 926701
704181 362672
834459 989842
800044 373765
1435 339338
893600 84553
344017 991341
912268 500251
319574 167887
547660 295589
191496 667366
856781 570644
761312 285949
470566 642603
882256 554749
517690 365760
591635 517168
134141 95795
759943 984663
851021 300001
629176 443016
541009 3243
733044 67563
90304 893216
172770 204851
132259 390937
989197 592839
117398 136867
815925 144743
41187 36402
97362 692119
524944 941887
947807 240187
242772 868219
377411 341716
836324 474248
489015 865769
358844 183721
880616 308437
97436 480741
581444 776467
308738 149652
986171 138246
165947 555600
379152 106852
47897 29028
562108 126603
840671 548081
881087 925030
628901 708983
597079 754355
527270 596068
730962 536903
125869 878269
98072 868087
973314 509168
63363 694969
381799 697809
651982 347676
551382 811981
16988 497485
904952 813243
573170 413012
581051 190473
784021 851384
72232 850873
580715 636413
610928 605306
435329 826958
296818 787166
803458 750888
800925 910997
367426 302781
611650 717559
914860 132274
112439 1531
4626 936311
435440 900555
544882 142804
983005 382263
593296 315530
297230 478637
798070 216255
40257 326525
60880 129620
962915 187237
388692 863900
970460 237872
402927 22602
955089 898219
925591 870630
615246 103898
303091 692770
133450 159503
865249 840258
862042 738215
168151 99641
717772 824523
766110 609842
599823 572963
647676 657508
126388 990798
322057 974172
381991 44016
982311 436810
902797 88512
210586 360569
824767 49158
441304 597473
30099 74928
954519 39935
288980 821012
858165 123155
980102 850074
826526 379457
755612 923756
929283 774959
113595 365269
506020 197877
896947 33484
118337 852072
54355 975977
865206 715163
166784 982332
908892 168415
678393 461469
432683 528853
107648 6674
873983 79371
383365 416240
12196 988915
792197 290700
334621 589822
71236 758006
413516 60652
587177 199205
54118 426260
24849 721779
86804 65697
952301 964838
959063 753336
42362 30614
372465 382307
355844 429368
836525 360378
396713 506625
869329 537644
92096 890958
966982 962005
273480 468657
850932 160114
712714 277342
761078 194657
398991 417188
249184 344199
347121 950414
104015 542636
706412 994386
867833 2758
690114 742866
344101 35984
583992 992062
523600 927695
166526 810563
641052 60715
124237 851100
304455 583062
878136 316188
540822 83354
335647 979079
674854 736840
222031 297404
666942 707425
979208 224397
252507 821819
283645 204680
375043 438667
291357 974514
473454 199247
657835 739735
645105 415068
876039 74575
23027 720743
778049 741679
914718 719107
576883 888221
219356 686059
407500 929321
531012 372736
403037 633797
832487 812637
811878 874666
252505 8520
129614 634912
141496 607044
898864 759938
713968 535955
429685 102857
169530 227595
779834 961998
460819 548708
316629 300885
535884 502705
161741 383008
886256 799215
970922 241299
870625 679679
877820 546550
333359 875508
1073 157504
726321 785669
931413 833724
132034 217123
497231 680371
14767 487513
197457 891167
177055 180480
822912 540214
23343 127892
350715 521290
449862 458029
705575 473456
204243 479748
516478 83792
908896 650036
671072 223894
118186 686324
494619 570236
600233 970054
216285 471250
877320 824052
843775 369685
164530 977684
680548 564750
416081 917228
848735 439911
991099 525558
380291 672220
387297 500612
727522 863142
243474 520272
822147 733688
616741 447233
926016 851340
734864 264348
646398 658405
47233 430682
536483 598320
192369 335992
659184 783793
350105 773344
175594 188307
343727 761166
424059 783872
853886 786059
621679 921752
68269 64025
717920 68179
646023 897607
650955 154437
429787 6339
540018 282694
21660 75618
757325 551621
474238 383096
474813 57064
596285 102797
68777 619986
706717 23986
210752 864493
97987 96239
405003 457881
660108 385462
993269 324433
440551 192442
92335 103878
812262 64238
729068 127514
481174 20664
534050 591748
53245 813141
657823 582634
522187 148796
895802 654183
894680 694044
791448 446842
562052 285273
989913 358046
728377 203546
150627 322081
345426 975542
492535 220447
49437 363260
24545 850269
303054 158058
476082 42881
977793 130414
58104 368399
507686 989345
496124 864867
498090 66288
899099 691926
810754 897594
103588 774683
920779 818022
235943 683015
780309 782434
434943 663329
945930 703460
258640 761968
931540 477633
896205 687596
775396 249744
948836 477270
678071 300795
584870 896717
996876 213433
445428 163048
1958 109527
477397 813120
522110 913246
317397 328039
294390 104788
808825 415689
910255 148355
545146 990346
120827 48888
868241 600941
218277 235662
96399 553016
615854 926503
930415 664687
625504 225785
345420 216950
529900 913715
921514 726430
12089 497024
976907 877761
76447 963646
525763 792581
121894 286884
616045 343808
700030 637976
762760 932984
232091 752979
309068 168453
503414 570026
283395 418636
185415 900388
683644 314631
480371 713652
932459 664959
260802 644083
960484 438225
25412 248172
402510 970708
329142 14431
203463 900601
42620 379633
908049 175041
491940 351610
896976 800594
625416 911890
958932 456709
160591 110671
795264 579258
57292 447910
402543 364154
9508 292058
294054 955644
936143 771225
470355 837190
88379 400836
898164 329574
434372 755987
47615 295994
799777 317729
74390 77152
285786 155458
620625 107657
503643 806408
519622 75322
444603 643933
1405 683062
425225 498446
583208 358836
878353 357736
879374 733330
60913 539133
642445 396393
402746 300248
316958 386876
438046 110809
563660 932102
468234 908569
939352 910127
175486 66771
214222 95684
601447 71100
48411 250892
739641 921210
615316 918145
28934 645008
353736 682603
915538 138751
26706 796795
856610 650790
559544 448881
157672 347820
777885 286824
915063 355059
731248 925278
528269 446677
684868 136269
191812 301039
686872 975809
17086 851192
788938 85812
40683 123111
352727 672023
699890 105453
520215 391442
549630 943823
742746 886269
527924 772971
719810 553635
698907 72289
44087 436498
732288 814730
740168 617729
108024 379119
787952 228598
693953 828941
890720 230948
781364 799417
482057 563522
914085 830702
15690 141521
175260 464712
179650 578323
86779 97435
827866 630019
542134 494387
647005 403617
615853 504304
223162 276355
610147 191310
634029 92930
302539 324605
875517 730527
78581 519956
935462 883334
507255 520240
857764 729988
604341 566833
91819 667552
386224 352255
221055 746006
781212 922649
531551 711776
866991 422894
78686 741641
263262 413553
10020 94461
800776 908302
573312 124950
848761 879985
727523 224670
195328 65742
201188 91154
151297 850804
388819 2177
487692 40837
8967 111082
838786 308836
684164 43750
849529 174927
441908 285741
834761 61741
651099 351316
920995 169390
950855 415013
850285 717924
797366 93727
862286 466959
522058 282994
408585 62319
958403 192526
844724 69866
519769 721601
552171 859232
711875 10178
983330 531687
491299 575291
557393 2209
478131 676041
202513 461172
778656 496490
377756 669587
28628 302452
840425 858138
613017 243776
376350 818145
925298 303561
82898 382826
314113 343721
972411 679382
489607 745988
742071 64405
172048 970737
419968 370052
380458 564775
649832 849253
142781 301954
963326 934405
405752 14813
499588 877675
257501 422380
716152 732244
578948 389748
604684 596917
499902 175369
232404 91489
60759 783934
632373 310471
526888 629708
763088 547153
420210 328176
856921 263725
678022 485546
136319 199679
372679 437269
674751 655929
180436 780634
656074 610424
754001 73305
301548 349192
217856 892571
850802 401765
17898 784864
35239 830083
270942 271416
688852 30925
348167 326407
627963 619335
531102 301375
123487 67401
32926 513085
50545 357933
313897 917075
93899 446331
912900 648181
500865 313290
254188 803909
690781 140992
18038 409846
540600 289791
951515 327287
306738 768328
691219 776369
272372 639048
808028 522456
246742 673247
827438 192131
486541 932117
478073 340004
680534 826800
749621 448081
282819 514723
856422 742092
112171 580417
694646 466311
361399 767173
681827 321993
436315 496333
498650 168812
9561 65837
2849 737975
660128 495030
740199 722295
837475 251803
695051 377094
531971 906251
276340 655811
931154 613479
166243 568874
694331 249343
861906 677510
819852 851091
67113 568252
278678 451459
568670 472815
269434 569917
330246 590059
781255 707572
633852 417568
172313 714164
250605 672181
679578 293275
901137 216995
13165 95618
673384 578621
106909 556968
742655 249810
874063 996662
425059 472305
488685 222137
740432 905832
687407 513509
26201 311057
329041 278335
802880 586477
168247 249330
652486 836064
857121 145441
582234 806522
685301 821854
705561 648435
172131 400840
85053 402865
615126 340538
35440 494223
866044 621482
905966 721653
383619 369741
775397 687860
324823 901388
393057 470550
279019 36868
703450 883378
207513 599790
972554 843245
706134 597057
911025 553746
331534 120024
415101 523053
799917 428155
981382 812782
653339 373990
767921 802203
820487 580180
285429 509281
875546 399300
544515 866144
205238 886309
803882 512863
206786 547183
561346 938283
552150 753370
994114 338226
773241 493521
368222 759780
227019 931683
24780 334747
63138 278918
322010 748267
214002 12955
202266 177434
378544 845757
770514 759467
915822 271362
720463 865130
412489 722249
686930 959607
994161 735094
66790 868799
729307 255541
889137 314299
531848 549928
263735 345690
953873 751272
578990 160206
792228 744246
125749 848052
616261 638122
200438 185233
193692 267580
118963 458547
120025 426857
467736 145667
387073 778558
589104 367702
42841 529034
466554 782621
702174 832499
627677 22641
385926 823672
370361 177509
654400 931294
386154 637123
269139 131150
886116 900717
287263 747799
181874 571223
70861 461830
920161 606502
69545 970970
72609 354951
592683 754856
362036 157765
92167 850915
413230 735572
767223 285330
140996 482665
563761 782792
182677 808274
342421 961476
78270 858949
544842 156748
387928 700603
176780 392149
499524 173346
175510 683934
307296 309197
959675 370217
196426 499836
908574 103314
57160 43071
450781 825316
150595 373490
7643 723900
186526 548979
163491 454171
13372 762539
483680 445259
298730 415104
78785 995543
824010 557037
782157 931310
860507 955484
682699 342514
383770 407348
522084 84412
477864 274778
392878 571573
290742 32906
667348 782972
434010 376292
286074 470211
927425 368958
438251 726588
675898 580687
858611 701293
244007 765812
990826 716405
524161 821241
45226 248085
389033 181716
634801 175169
886486 814317
834512 916322
275617 185725
44808 656936
485730 152860
394399 571090
70268 587089
842272 502421
393282 995418
435942 704324
878344 202605
676794 179774
525144 655740
202235 589394
384341 72683
393471 800448
532949 213779
891782 927531
515792 964932
551782 345635
392600 278847
874108 891699
180722 847650
230329 721838
954130 553194
217127 202582
50734 944490
976522 313455
