100
267910 948602
28968 127669
593898 236643
102402 830205
935947 348840
246641 954703
638466 553801
603909 498445
729523 688688
159525 184128
613555 83024
133241 934434
523520 425083
465446 541188
87666 464543
244136 321313
93350 526959
823253 784118
935235 180483
965579 801336
677118 421079
474583 654327
841481 484215
319991 239510
276832 731721
761626 795310
362296 12215
282882 120781
377038 284029
897150 104532
325224 327153
316103 6302
223667 970173
748820 657844
489732 210842
51228 147950
129058 73442
378791 513565
419351 242327
769588 615628
634367 594434
217429 150677
873109 642551
72162 365602
733297 758201
327218 184460
512368 375472
336467 653338
12148 519909
917560 261894
2086 430978
50185 654720
763455 8127
908959 438571
109434 775399
642795 805426
480151 320136
436741 804775
21819 458032
90059 384906
645484 375660
241207 547693
252085 996308
337252 45288
787881 486475
738233 964977
635852 202832
920681 204225
841335 510463
621710 954815
901414 620543
488768 726393
751786 849557
254706 483324
46912 988511
273548 403387
852207 385702
549068 767532
277979 945012
903157 793247
107975 578547
399189 136831
373033 432524
378919 209090
233462 229018
125441 27551
126857 133314
249952 860096
142161 210464
444034 636572
884170 109818
442109 378376
382483 624890
205390 991141
252868 912434
746552 177136
734945 373191
295392 945517
756910 981085
289064 101616
