100
809330 666694
178752 91830
743785 483807
595426 484635
378424 603630
632582 601709
346073 753610
771884 226395
83812 269208
965271 630079
529129 505962
593233 759878
10409 756045
534720 779007
436186 174604
425481 107940
265129 595417
259001 919151
100035 959878
931927 315537
901191 486294
150656 946255
488037 66997
13521 961355
991386 917542
112386 38445
318965 635789
500025 991947
241183 535794
905166 782671
410337 874718
85933 75748
824738 762169
819851 483942
888539 97513
996373 630886
121083 390460
614901 977417
360302 671274
166044 679119
133226 650708
887139 521677
745295 834080
135336 949295
120896 757990
563559 729558
852726 914156
492466 349225
566757 899012
524340 74733
311370 743100
578550 741438
971266 419115
334332 969565
253518 960835
396937 747760
198920 835729
747586 749596
1131 802289
363440 485796
570158 707350
250135 155228
269792 385921
805079 663285
493317 547385
377658 958020
417369 301656
539660 142532
539798 701180
954295 177724
693973 877050
581226 687942
250955 580130
406402 522764
621921 42516
259646 350409
722840 507922
860840 825734
670752 672820
601471 474058
4802 647895
515608 240538
757853 101547
966230 161637
631640 983784
321149 27537
520052 73256
802741 279951
942020 825429
913322 81539
191001 313013
274927 538081
393492 672563
207862 676392
444957 625972
640202 98664
95571 641169
369343 98285
430945 289068
621495 474344
