100
349961 971451
398829 877866
622366 648514
706649 337845
608080 160832
162968 629946
698779 611337
109740 919305
769548 777819
980300 12097
354480 375489
636736 555239
957687 418216
987578 761827
864327 398171
46710 369710
103075 475773
139941 193733
655486 139047
918893 36795
306951 962860
991162 366591
409486 36022
846010 871398
990081 59006
298913 14328
80027 378622
502693 556350
262683 22497
525846 634543
869367 633131
769796 236054
457826 683324
945793 617725
762582 575399
61551 600829
707335 539638
845632 180090
692268 490792
292850 416858
3121 830379
614047 671986
17277 542777
766714 228193
210750 951994
446951 396621
611123 104385
94456 581808
483541 271020
809246 86744
86003 297104
948331 204640
4513 627547
556028 937705
423433 621675
620506 222014
432276 832675
390908 96815
18202 312950
523769 708145
364179 606249
690083 56427
419577 232913
404690 661441
321027 321795
720228 388913
652035 489420
747580 415638
457794 984594
86249 761988
964635 619175
979262 648927
545357 731902
991516 175377
390128 708698
817382 564471
285632 456366
30648 381615
803331 714999
205381 592887
758747 138505
49678 105074
683091 118874
100051 674834
582451 912345
320754 146903
87291 902768
666764 820830
584735 843543
858508 864071
129001 960579
571784 428593
268562 672977
63237 976189
815388 213864
67606 411530
265913 102709
490059 733277
739647 767245
968264 985771
