1000
762850 81239
658226 31572
974978 787101
322931 632251
674491 706669
870300 47830
656166 551112
70475 749895
263612 148592
840785 986562
856001 508031
601684 81963
993131 376383
967549 735513
333109 634785
198821 852276
894317 916730
52077 92463
717792 197271
721544 611756
715104 715413
640284 326314
150796 459327
814170 746544
2310 30152
311425 831952
519485 331846
277273 45122
440135 889614
474062 124687
860239 177402
365495 79010
78225 377888
514682 234447
519225 803658
613511 988197
890767 165190
139086 97492
205769 462811
836224 220182
775432 696852
395715 860055
65875 337874
165060 783440
686790 749893
45143 390131
225784 112049
661578 168728
905945 767432
293182 381231
50871 160766
719474 448716
444544 950930
81576 335041
169697 214604
509433 337308
783850 309443
91026 997190
488304 971467
256531 521964
703465 673686
394070 700687
172892 727611
620288 532902
567046 31790
126269 877562
186969 993655
827809 633192
731945 130121
813687 950131
864934 907746
471380 231119
569339 3424
148767 343277
514520 516853
888646 49352
688813 343763
638315 957619
208949 874362
913204 1625
573364 773976
53970 971947
397820 607586
582380 418010
795484 116867
139075 505466
397725 472148
966588 96587
31441 32902
534372 326795
750066 776677
748363 718381
821307 591184
253672 542427
777086 285977
51327 877106
394823 414582
514924 809103
711233 629229
261740 933186
736810 493899
492246 137665
360223 283364
353583 981042
941248 596825
805544 166253
594802 981146
922803 877075
33919 435537
107033 959228
38340 235044
494847 565077
754833 808111
223166 43416
427498 21605
386286 633607
440896 593704
231991 168418
106559 983363
615705 37957
1549 956213
212521 915830
666676 396967
671254 382373
539338 719787
854986 446481
789613 770762
89910 631922
82834 579964
613120 445470
655984 958639
2235 692808
273744 194523
342026 477035
708850 783038
627610 231997
355034 467805
533622 15087
226615 589677
432043 844114
981439 422572
430565 685482
672597 463351
140139 785493
411359 634856
746143 762057
491934 954276
681346 331481
353946 400673
285673 541009
100892 713958
873979 220047
179533 18562
757325 732802
168874 623220
989809 940730
878604 298782
336215 904417
930594 728681
485639 627332
937641 166661
741151 465298
903312 307784
591411 356050
57245 632945
534121 340083
616307 578750
668967 571707
971843 765123
312471 760574
920046 764253
433949 862275
960868 997876
271895 164706
314874 857262
805856 907772
37964 333408
272421 740097
537375 433328
491244 210211
918652 312360
604247 564969
276802 830259
982664 968331
936471 103902
409414 955929
3372 151400
35659 216328
960176 214514
75747 878866
867961 192487
905085 360287
919990 601420
681856 348253
123505 154283
637098 713979
699507 656105
848966 435260
729478 574231
847279 971728
806975 218130
812037 160215
749303 312783
131196 459372
637166 651588
274317 988636
157208 782301
655608 161868
423196 804824
727136 204168
872413 256074
254694 344431
842714 595239
517651 48138
545286 383617
46668 932837
305962 424888
93794 680187
410642 475123
765185 940383
723874 293930
554747 472463
362985 102980
969407 157838
235630 62374
202456 416323
227401 161513
446411 554071
527218 909493
356070 120670
5248 698158
976787 121642
725437 115804
492949 218801
955858 629244
706578 425919
761716 59644
771009 725247
754143 795583
913941 106061
74897 891386
923573 66813
730556 696354
911061 655524
162678 584220
888768 8347
339753 659120
584617 609597
458990 353024
889614 188304
448927 751579
444128 630120
246615 246796
713038 70966
851419 33783
315235 911433
389711 526064
684884 499395
241208 25858
191638 559697
20572 57987
945096 25374
191654 953138
648487 102622
706164 148470
559840 699877
586109 865684
314569 724360
166216 53450
12796 976501
170523 587395
233546 671958
80576 442803
191965 672409
109231 429921
632796 534267
41205 562719
736802 647153
519011 275053
368821 311928
841130 828142
930935 910170
945746 739150
903633 2143
779254 491321
631499 804772
271428 354720
779164 908886
409862 666730
971302 871406
924844 574201
60836 478017
474020 769911
512220 918843
412896 28964
257145 555275
231664 56696
5638 433473
414283 393744
939932 24124
708415 879581
123095 578577
177056 835258
833629 487394
444136 102557
814854 554133
408923 39153
921134 663893
468615 794507
638297 86241
151164 907184
253757 306976
841327 261277
650128 277392
333204 225962
582533 359440
933832 679451
753830 125075
57511 538132
765189 753556
526055 416266
38564 239969
197872 567922
913811 172441
478073 916654
811910 71767
275310 309382
307573 684531
283540 216033
130820 651026
767335 232407
523716 758970
2296 881348
678841 416019
713074 470638
4116 439796
442789 211567
148824 157900
458710 937840
390258 972982
802285 710800
410423 393784
171456 680019
303792 881356
72424 18979
182151 229268
603300 683594
535916 793396
540080 775405
358896 856855
463015 246031
204556 352606
666810 256702
908855 466944
332136 913195
443587 18800
476605 695997
163132 129342
587548 142863
347523 690737
420244 808754
7617 283217
810797 502761
125839 463012
840367 645268
391946 876752
706201 737947
829161 223561
841011 57559
103358 667321
203812 407609
493251 492939
589828 280754
35547 826935
977105 782017
581816 464860
349925 599502
693110 737202
797378 14969
91880 174071
309568 925179
765833 548336
463631 519924
346653 384780
873373 559311
672422 156976
791150 837152
170365 448078
977519 767196
324318 86085
59910 51183
507972 209862
684163 923703
698740 755810
470146 343349
174161 263697
883935 200635
947736 357772
911058 284159
543288 992464
437633 470703
954820 915745
962049 498534
906811 205793
621529 835238
158904 912333
143869 444504
745822 631575
122688 45941
399348 487379
294614 675180
138162 330823
789609 421022
80068 111724
570899 574850
734769 793474
643604 697344
80501 237995
409183 388873
692123 669100
631468 940962
471612 736291
564273 29884
715620 571609
616358 745626
881485 728568
496079 170364
102415 434721
58381 417161
903694 81283
903653 912359
622237 349850
157376 328747
65070 755798
286550 442491
511591 978892
255158 445473
694612 98982
210091 117809
79306 831156
671361 196794
934986 718387
720068 1495
500106 146774
454947 350926
583050 675305
207366 817036
24791 793461
318963 357367
3047 246610
218231 711374
527287 201443
470014 925070
802648 490088
3138 454963
103357 663741
338691 36624
101222 443875
845693 106723
511304 78325
931366 847169
189971 666343
566269 877550
648849 138550
30727 959554
670010 974855
977913 168844
371571 107324
786446 641050
687569 332478
218412 254710
928622 787798
753084 919568
657616 400804
523425 473183
284193 894600
982477 900875
666846 995745
243404 232951
694935 332762
225434 9859
773293 44211
455598 877433
388696 216263
231594 905428
131136 679252
749070 676810
512496 831737
776925 826071
255273 702967
713087 377994
442016 855726
695943 636301
355890 80834
943796 679872
644352 933399
814231 683501
485689 844579
570148 763822
508737 841243
644099 578280
155008 966436
681665 650659
107541 296760
669343 732073
490505 531625
793185 772654
956316 645416
828342 823922
568047 251896
472936 434819
391226 188198
822054 835459
54760 316500
510796 196603
133985 785258
8294 307977
594878 944125
894821 430015
288584 453679
909917 631039
612763 425556
283796 250171
994477 524976
849998 30141
398263 510656
511318 591598
598857 278300
290237 227591
870277 680739
294779 699914
78319 599435
185610 247164
186947 823043
145325 293321
478533 847210
713095 640552
703841 374867
837801 866654
634872 690199
892052 350435
330650 943202
756088 548322
6036 610416
688178 417935
922394 105837
843524 852874
104123 507261
925392 734286
657232 892942
978673 166599
442102 809592
476562 365518
964843 393957
2509 30145
53804 357903
255696 975990
93529 988695
62967 848464
608099 140983
324455 586652
293366 740042
690238 142986
34769 855844
907073 47026
755456 1956
640062 129394
500869 324314
952715 822883
746020 459596
622620 603828
657278 490239
971333 777437
896022 628623
210713 289024
659103 129337
562733 953383
482162 438801
999239 777733
326171 619912
85205 610154
294599 625292
658799 398655
726736 304768
540695 455312
291445 640420
235845 139652
724782 312371
98085 731153
225894 607501
108824 215335
792343 625873
453841 125607
104883 603355
11364 507084
656410 896518
651088 124099
696677 165465
242453 122708
201216 871745
278252 916650
709214 242767
744322 14614
256084 215870
591179 831492
149058 265099
225221 802201
723214 378076
865001 225147
864934 383572
418315 659760
997264 621908
979579 75709
838982 790974
951287 293130
4775 697618
179997 620274
859520 862075
183077 756248
891128 934518
248044 729354
126769 854298
925796 596209
343193 615845
43498 346315
937108 216419
301060 23926
830285 579689
217173 663035
497709 290437
495577 22092
260294 328077
989543 49384
409852 979318
6447 821446
603090 837369
846956 815648
739546 401561
232548 477710
82529 808543
111584 239004
91168 358684
208567 536038
657040 308047
463640 966329
974562 359721
117004 674531
366460 748373
516104 631293
23428 155987
732787 133109
857230 589689
505658 898307
965540 393117
396003 479220
67817 910818
889168 797155
137824 295133
551849 855545
776527 763275
844564 608385
167874 92302
121356 506049
864623 748309
440096 72666
516738 103897
599803 82202
422729 257056
811635 120018
450783 602500
473537 773220
567937 875716
390029 78366
134898 705906
529074 571483
18923 664547
475649 901210
634434 143049
317821 994120
424876 716173
74123 802797
101435 292698
361487 166903
63126 41832
75457 493158
698246 350940
149774 573153
331906 603539
239945 829752
556540 556210
815251 20029
440204 328974
356290 793153
50394 4063
563994 501787
225541 714088
546664 233195
861576 379880
903790 429560
471496 592308
725750 570396
262487 253578
501467 851479
446276 846180
635431 375083
709941 161261
276441 10650
555351 956253
290417 420047
288777 385818
589352 798058
553531 513800
512735 242300
131123 650446
620017 45667
924255 636738
392265 814849
860735 722016
809177 314928
730367 30104
385150 918362
294078 881280
224378 484285
591157 957558
735750 368614
712730 332506
331974 645918
119413 72633
494470 661804
833568 383723
259168 345591
311032 180926
701900 251046
27648 754609
330018 342859
154130 754330
140735 493155
674511 321924
551724 204969
283323 132828
24577 591905
56 480580
418422 393324
135043 465600
558643 461090
203891 234050
466885 539461
698068 798272
501100 822135
659261 874594
865891 309347
84417 713470
409786 106220
956275 235664
466257 378735
433020 690340
929695 747324
880895 32158
78135 838301
711428 897725
1514 228082
43216 74568
872094 864291
104836 377666
266001 965076
335843 396867
427380 781585
599087 708616
144067 914693
186707 842999
70982 937970
823583 469487
983273 782691
435463 294509
368082 921175
257277 508777
487347 514529
918546 913705
901903 73822
660957 823639
301078 891781
835557 100681
257779 526044
320566 904657
892745 209914
603234 585273
414002 129688
620846 201202
848600 186978
593820 732586
537046 873197
977848 91066
230190 655066
140729 739264
884735 955713
448954 384513
493450 385956
30413 210628
157942 731502
500125 708208
207356 549994
810520 38280
462829 599584
255834 545383
311946 607406
995084 356936
615413 74733
32581 63159
810178 70934
775933 554200
402761 533347
893883 9012
167364 838761
683655 250213
492556 443153
370796 416967
407169 150822
245967 248718
583091 755162
990173 389927
941902 361441
234804 485562
828252 820542
660037 993124
994913 795576
30464 678151
340956 303455
451781 613649
104118 425431
201231 667119
593235 214067
672809 249096
632800 426841
595167 186165
483501 839153
75473 888410
443353 971184
39301 679964
966459 6280
37185 858825
475385 219339
647487 463047
208499 428849
122189 263512
14401 958130
710186 387635
68712 303295
391117 317635
386580 364734
293326 557608
903232 28532
158989 687233
707068 678396
42389 248717
622219 507127
988177 161732
829626 398345
943891 313169
137466 219468
511813 933960
133365 268848
718629 156111
951726 328374
498017 415011
252149 546521
496880 645498
237609 898722
813762 826007
495808 42164
167949 226273
817845 117359
171849 42622
870646 278598
628340 681442
715933 835977
420836 126387
864457 928749
333356 354062
228732 605551
138123 766318
623118 439365
772571 106611
636416 136495
189333 611432
615505 713051
675940 998450
795570 525087
456674 410656
853656 141556
833546 733061
236279 214227
562937 676068
849898 353112
385210 341612
235843 919354
786188 675313
555393 711976
357659 898071
364583 327253
57040 123735
48624 583701
405339 319764
252546 163804
596187 955939
916198 979618
60524 256770
403466 825723
322713 995421
650396 116729
288312 503478
542407 855064
493219 232749
540468 6334
983986 191342
203659 327862
108474 990345
393968 102881
823573 570150
390727 358005
425132 235640
400157 955867
67266 913761
106184 507527
480306 256809
961667 226400
585291 514591
534278 620396
343959 698795
456419 255759
191104 1996
505323 918604
272630 682703
59299 661115
46183 751974
512273 237614
994723 231204
407515 907715
290731 776535
93779 114933
10392 706411
25170 207872
683771 486629
11233 673669
524155 565144
58907 208240
140273 907289
65341 822031
196277 552496
851255 728027
45382 459385
225632 186573
624921 796862
546699 21234
184009 155033
880912 515041
253223 76100
340131 800423
594054 589702
740268 551032
714170 502312
468776 922686
981181 162174
911546 757092
737405 158573
760666 711000
734215 855443
373805 993544
143809 733278
917374 92414
710625 359193
449902 166398
890000 912606
914384 261746
610360 285903
438203 567921
698835 429112
276022 897729
273305 361334
990161 680134
295075 551772
136940 323876
283540 576624
716487 294120
400396 118557
402748 534491
445120 55915
224222 441424
526893 466406
999878 204711
72669 699937
563226 224760
447137 934235
439024 389127
898805 788026
375737 57212
537776 485402
235307 261677
81376 302787
160268 595041
357122 440856
