1000
529930 449672
190631 693185
114076 866597
544723 764999
289895 707850
855645 472637
595545 956189
307268 289419
174431 23236
199267 609830
820183 748543
643470 853266
981435 422678
788368 871491
777028 692608
341209 91869
257194 140829
304281 303416
859183 194220
18296 805624
18341 286433
279627 278769
927522 228313
698700 113151
448674 615243
154954 553387
785734 332191
122751 612700
921048 755499
564482 195265
923970 887120
425591 863951
225471 625613
884675 355274
666200 582413
642296 843094
122565 68370
872922 324444
99350 72986
199507 152264
630499 713804
142946 341326
210805 706310
342548 601349
675207 74964
449072 843979
401553 335061
971938 220005
346754 345585
977462 56637
65336 517025
842495 857773
508243 55344
770265 553683
408834 459975
558817 303214
302533 652152
832249 142262
612833 187954
188281 5841
43608 934589
54094 773852
544383 671676
787143 530392
809556 10414
689912 835937
316400 725904
382764 518153
105505 172398
623732 602511
943826 464358
679234 146442
317382 611725
846573 365914
590965 621930
515658 670197
413792 438035
207535 891821
951644 663081
352231 181769
196883 618404
565410 318610
867987 655557
483446 598015
487328 897687
961012 291612
210537 49297
396042 510581
467273 899672
90413 370700
307881 977638
968492 886781
190164 261310
544910 626110
741822 224886
673930 352342
678079 658157
889347 651321
609504 229388
946997 545120
198423 787664
62290 179188
736019 962252
290087 173140
818427 536402
843904 459222
380312 603383
898679 722869
223632 384085
126650 931030
249870 213357
623211 435310
273894 150504
610769 461906
575057 13773
281164 912533
196206 64692
321091 786580
834459 768796
901335 21645
998153 750205
80862 59846
64300 354356
572179 907895
866073 728952
661748 708864
589183 423092
663099 462814
904986 695736
2306 100937
585835 54423
342073 530477
952312 401797
138058 689141
914692 652252
639259 814568
915833 756935
839277 936830
164710 720670
758591 837160
105896 121033
16756 506961
619842 77037
962489 818802
223212 884362
392328 440330
687186 495997
675909 901269
902051 46505
887455 513664
608447 314954
708695 687801
909260 422397
939466 89151
212391 730371
610080 419629
443957 692234
147200 658336
638226 356050
399373 161082
846314 480727
12255 999657
191158 24291
359691 317547
948643 850795
906680 679225
922225 400914
700124 912226
585824 616983
751912 317549
621761 992820
569100 212091
552573 564759
830814 955947
882469 531778
921188 124680
444830 777393
714747 704684
799558 792815
236080 476752
13536 661387
471196 832742
913219 659301
481370 667728
304484 393752
967467 652104
109649 77177
505341 825951
480449 167739
88127 251378
823367 372553
605191 570028
135554 928746
938210 361262
696702 684077
599173 813861
205847 822427
86682 360036
758593 71763
898300 505735
266753 794433
513627 24571
189309 469278
118434 257413
648722 520985
399112 168280
591429 486055
621045 714064
863314 907622
914703 549014
513798 742512
600725 125423
991957 167596
418347 136297
544868 212401
418388 203664
728633 584472
846095 258051
513676 326412
959558 570030
513005 470075
118957 610579
475565 501468
907994 197761
313340 546946
182439 136747
4565 791341
738678 673200
282540 731340
368216 558816
988860 679662
371149 150408
25260 69433
24938 374111
97075 398371
216585 952931
1678 388722
934084 653074
82425 543437
661748 648730
578859 238744
370150 358889
285999 255473
954028 805906
250874 936779
651304 576639
134260 777567
987757 8714
209746 869506
871801 215796
261691 417359
763463 258818
721821 449894
195890 770483
971971 9970
92504 675124
795554 802086
261163 279193
351386 127871
701432 559584
729270 931234
703801 762737
881545 847636
806154 646922
456615 27896
937296 483813
713733 155303
111085 742106
158844 189998
965111 223428
656666 72852
518573 135390
165419 117174
350546 822483
260808 915833
492269 574639
904218 95527
702246 662496
282420 610216
398223 108710
821629 125614
285288 998254
17437 748659
634243 403580
723923 163490
525375 395756
157776 404545
241293 621897
216823 37105
11586 17343
246120 201246
184364 392781
854868 616702
255405 951238
600396 51083
122321 412882
279311 822637
903893 940579
460727 458077
349523 657555
862655 934536
488078 440258
514883 645073
643622 624241
503495 727643
3253 535309
77850 356878
330000 143623
416711 885357
137259 706892
127958 790057
727835 683330
56126 173797
545155 835854
638679 572097
453933 302326
250394 144843
765378 209128
708390 311690
618631 785725
264019 604156
734597 123295
744281 883868
124159 874850
351841 837891
70385 336764
714142 5851
935958 584589
655795 73223
867887 689305
895090 908208
294349 774340
897612 707860
50927 149017
185306 553137
73823 207946
69523 847660
57373 334357
610122 186003
27042 632955
204720 115835
819628 101684
886285 472141
170774 914848
639257 657942
56589 175154
858801 46807
5343 820793
430850 874483
371226 377163
269729 186308
875459 679887
955605 136125
757102 205632
507413 661892
528108 28418
395269 432445
822358 232698
970934 933185
849670 659247
500683 775866
799778 705847
491350 545534
65274 209037
574323 466547
293875 334594
238921 726342
69186 457117
623567 388225
507221 613334
20243 476074
57293 865257
279482 586917
213927 487394
147119 196605
253607 561962
483003 182941
417833 918628
556446 26506
330701 709725
412406 214790
907942 221314
372930 420922
655008 32515
80242 533271
783889 126068
74396 726699
632026 627982
589744 867979
960599 779765
724589 225545
639533 886510
676046 838058
822005 167117
136311 47990
353401 593382
261137 676038
55603 739962
716906 317048
837956 991439
866700 923578
545797 799935
664362 486928
572550 578562
872284 586561
578473 708278
1622 821038
564326 721028
132613 642590
476478 28262
277574 163978
284965 900643
848056 730847
218489 797701
144053 912423
4133 164481
304735 166140
10132 538010
324916 474088
774721 176997
147592 971644
699452 266461
523336 38959
62485 691200
991591 145250
90214 228575
77446 822358
583613 194632
185041 711729
436411 615200
253386 234285
879920 273789
328241 718309
514875 544387
56074 571876
385149 190853
316037 450619
805920 790036
617867 252698
135104 117253
644436 967237
752554 973914
781860 763336
264794 601574
343586 916169
30081 451433
710916 825713
828701 788489
784785 787127
330462 335868
705122 514106
710350 542866
746175 154924
932867 926909
457883 406213
544839 708527
808690 738334
705679 40878
494201 922450
932732 840721
3554 70154
665141 674689
786142 276174
63460 827358
540992 800279
344852 961490
548228 723506
323911 567621
142067 225328
257414 877702
16736 424727
133226 601323
221374 62725
605148 727378
394609 170707
821055 769469
158647 491149
434111 101762
588824 400218
679266 59055
596932 9072
462530 785856
698678 655041
510475 799741
686547 694968
27759 844691
313019 708978
279955 450137
126587 866471
32876 73431
963282 1821
795890 885135
464070 737508
457294 198968
163757 298466
395019 165915
600363 770423
365359 756960
492373 729563
243125 722920
640888 711817
331464 787801
698801 503038
888872 44118
356196 219165
216224 853953
859268 57619
713599 771891
203298 339792
366619 561875
423748 584864
355210 538524
351125 381244
739766 383926
434946 298382
793756 599091
801283 950495
432656 155638
208339 626835
679343 780485
756193 306806
110731 619687
980875 490255
110230 480758
442233 639595
203586 108065
648054 423055
208409 930841
374992 291547
165412 320522
897998 829051
772527 600955
108932 483079
612435 407799
502042 856239
136742 458200
230659 36353
92445 730124
442992 331722
588353 520970
978935 987217
305969 287790
125718 481217
903857 987247
635768 677080
376600 298098
282789 749427
657906 861165
712095 903166
238719 719308
577172 459259
938859 612149
107478 951650
626110 894106
480755 664862
459639 773899
88790 591032
169004 453083
983624 340119
532802 349478
959377 833811
481416 663113
708491 396337
848070 543443
164785 630592
949949 224532
804383 691577
137596 106569
469712 338121
64149 2821
103741 447593
952330 31670
708209 165519
224294 125807
394673 432744
470553 595862
906844 712958
545527 708774
412318 389239
777981 437664
880807 853427
237835 843515
892352 854973
901971 600647
596660 694742
639979 663729
849293 857963
847512 306357
884244 924460
704194 452087
691946 305943
993539 44884
642905 282619
737764 381930
258490 776242
924107 551298
309432 317152
278765 369282
968256 158457
173689 108621
649138 715459
848001 924674
5003 165438
686706 880189
474214 640278
48615 331635
600737 677757
11392 173198
504308 598334
391043 27304
918096 316915
141320 233453
482108 329515
199379 558691
761742 590873
555226 291685
491614 926680
828500 224340
990475 892449
338448 677822
968878 53892
510682 638483
430668 226795
43373 907924
58887 750381
311229 444013
212313 306351
311203 895056
957438 503356
906034 454626
93093 393911
701282 824086
755727 377311
21700 267946
159929 567233
658054 410696
311011 485654
839711 670503
629192 264217
84602 58343
181111 353590
880179 596177
427672 414147
364596 40799
442959 578375
490692 204804
374745 35276
401477 722600
36350 695622
356323 638483
57364 730140
94364 475300
80536 888301
926435 463439
863146 8864
32990 963371
319546 291977
172417 633112
54499 114410
990138 451294
150262 429492
645974 819156
136566 518342
297024 323581
898990 48318
565861 343338
571564 363566
684523 15932
772726 335761
289 381530
952341 941017
928927 984496
879347 995
739798 862582
801117 334258
619544 285864
305991 985155
377183 606198
553180 879823
17540 108495
546095 586030
281790 264804
147029 488508
712731 92621
380819 715415
622197 162568
496572 318646
284603 804976
936087 194933
413359 927503
594918 685524
493643 742205
79726 282408
213138 869400
86582 728304
219318 564472
544469 752073
226966 177995
855307 353652
464142 735040
280121 784793
515067 22074
837549 304968
805385 789426
775369 585838
160653 258396
811995 811791
143612 670922
842059 987288
93193 581864
515641 924523
187361 456185
624216 160711
903184 214856
579054 811128
945586 356482
526705 998064
636985 425682
384488 223123
828773 604666
756216 953840
735088 40274
745178 722109
430165 536630
425504 918605
825266 519666
142854 604300
690470 842821
457853 131517
270743 707408
680918 241361
851324 69438
696479 664632
995147 411269
814669 726209
825942 566710
395031 812243
271274 917361
582704 215992
929658 933251
96214 72117
55073 770905
275496 109137
907007 236558
677665 445222
57431 385911
579986 598808
312731 316219
536579 91722
555126 478165
753647 646381
25230 211947
826912 584780
643463 115547
237663 937300
365437 618191
450507 389949
218734 119262
638214 474915
675723 698723
271427 63582
792643 571182
625834 864812
556080 759763
107881 389074
781606 946475
355627 262002
343835 899642
443017 197273
554564 147230
586625 238792
287482 918188
760201 374738
952268 500609
520193 912535
155449 536157
138298 398934
762376 641376
864956 751636
35891 502798
838527 618258
285884 856469
987825 553389
727456 653596
47955 346558
113741 63706
504633 963373
755191 960396
39484 399622
94231 80166
567524 625217
812766 119494
641271 782878
666090 387635
685656 52948
459424 447431
352965 508233
481417 749847
423253 552958
703484 306318
296787 581888
875679 945490
125733 539377
206529 795731
311893 481275
355919 494897
263084 642875
564754 172436
673425 108431
728287 566925
671451 146418
99768 555839
642845 763927
216736 521513
494806 786676
208012 502710
760189 682801
354441 466262
879913 630075
414390 511431
6095 357652
784279 199046
38390 468915
543592 572185
351629 542498
820145 487037
979652 955622
53990 429691
826711 97962
898510 495410
751471 913580
959859 629791
317722 227068
38325 85121
331403 391849
687387 937046
724998 401179
934346 907967
777016 932892
855147 226631
917220 106807
539541 626646
107680 222738
913387 912921
39304 215752
692330 153262
582690 35448
899285 228429
446679 843554
321847 898011
784228 759267
619375 878113
821027 423454
51307 459762
277078 843190
373790 471927
573756 887232
233389 686588
760673 546694
394660 572246
802175 403699
356180 540899
114548 655651
399707 468117
48223 567996
343970 565241
508358 108368
491781 931133
992864 276620
760562 902067
169696 875267
875129 656803
467296 237046
544527 725625
2196 90803
647335 630140
25725 929313
854758 464776
978175 869183
581823 97385
344361 535233
133588 293677
463347 25938
299060 842164
989415 11788
988201 570764
103632 974000
669220 912164
906871 553751
888778 143087
837064 177860
476564 124260
828209 687867
666717 199258
518455 652971
968809 74027
535074 916244
737515 195937
611217 474239
420885 822658
649000 983914
350786 27242
820423 591184
421500 604407
908544 283551
275746 855375
999314 454901
839580 164898
917770 76651
710361 106195
338004 379911
275491 658798
76287 567005
896834 969908
774374 820768
142453 481739
159030 122846
511140 286677
104408 724144
346331 688584
350333 928893
424123 229531
705656 366466
253509 597730
81626 115515
703743 284164
428003 88508
346205 686486
955447 759097
36702 726226
864848 357473
789413 838122
255887 802041
156812 233261
468119 968290
221995 382807
961166 241799
523807 70468
419051 122815
135683 579828
399170 827999
12885 193942
694625 311273
783008 118062
874637 398989
237158 917867
43279 380907
892341 726538
936411 41288
414724 700104
415816 723052
635677 363179
66094 851390
386040 257589
849236 153127
325921 972101
863448 191024
137863 597675
407706 246216
231971 480205
479865 169690
864629 375528
622985 445166
689310 20134
299713 170255
132108 516136
261619 789328
325142 422154
320703 398866
607966 202892
422294 811445
84428 477925
237099 667953
820428 342618
355353 533099
361264 216840
563657 43581
191673 136766
437519 387643
709491 164136
212232 174158
621060 598560
992008 727771
23302 431361
163566 31544
22278 652745
443806 543892
924876 487145
209421 779238
811962 461635
435990 519620
223414 772282
616475 833420
296859 863046
830029 149127
612207 667166
386437 446338
113092 477081
48086 123443
292381 56546
