100
557753 508425
677984 916620
692785 805365
733975 707429
43549 25320
678238 366267
381296 672292
300542 859293
135777 455533
592644 398950
481675 852110
886819 252315
510026 865352
629560 84852
768775 72606
482069 354802
448616 225813
891626 712198
43620 599353
766947 43180
751151 321827
513463 441473
513913 748430
145956 75807
74223 702885
847994 480969
884948 828778
491731 537286
616455 111654
553169 332032
349951 736200
19700 405504
644143 80864
114939 42924
478440 654728
419107 85461
147809 701726
505391 850847
603983 194301
808522 624048
27170 254983
232220 741287
992666 794557
285430 562255
299624 576368
465582 888081
794917 282484
126520 85757
11950 544678
501546 969589
533805 301934
688591 971816
682684 794422
848751 149200
741997 285079
571064 4252
398212 442966
995216 841892
259070 367365
959947 985480
565281 708240
458816 596202
655153 520756
626600 210322
886569 475568
447937 724834
807198 818397
374043 52903
451654 266763
523780 671162
533014 66360
914521 263603
180040 6380
523667 709752
609741 969157
915384 600314
578005 299930
607928 142033
731316 558004
86679 829710
196969 114414
522114 666903
223647 637501
586987 490720
134200 41496
628880 907696
50963 934281
639223 705959
172682 433164
686496 46356
466346 834623
482806 774303
883342 29978
102215 533594
664529 507474
397089 734632
965508 538361
601958 574201
22773 648922
727434 849612
