100
205707 645569
563883 353948
152356 783442
535961 352761
633245 491054
453166 472770
619304 139735
870287 220184
539035 587480
647789 475497
63780 62869
686532 581015
707048 2417
747129 862733
699290 132385
666886 953087
469871 828933
933919 238360
126551 120661
635987 769234
350959 804518
53941 938932
94053 931274
13656 363567
54277 947934
628425 993520
516423 419838
809309 10741
381192 924486
655501 494002
724973 696866
110251 181685
544393 545862
430488 143712
396757 901570
987516 445978
127906 970714
356753 357072
135094 235908
63159 203135
315314 480741
217898 20166
174255 317925
573862 183103
117180 258053
605902 576719
195225 418277
633621 477489
211766 86988
284475 479988
796353 389774
429316 15017
980363 16496
19813 195197
179939 431072
963849 990290
279409 285983
359623 430822
789588 949379
691447 405129
327239 761142
254250 384262
950206 305095
549135 671029
58083 607518
325377 509006
26398 862026
814112 439666
511713 270075
181169 815763
89545 832711
333240 351701
114442 602957
793074 206220
800154 216053
926215 874206
978442 820539
95518 52844
207678 954714
257825 36390
786832 503284
792618 839076
667058 75812
814114 927928
398318 670242
832835 854031
210037 107193
195648 311962
595901 490247
368892 355199
929372 213852
479202 645624
262496 990748
648057 342763
733098 317812
974358 90066
359350 647417
248568 334347
56749 905939
821506 406215
