1000
885425 815640
700721 217371
431149 59303
474354 78183
722020 44302
450845 48634
116372 752969
159878 203903
232204 557106
793295 29477
963355 986551
271830 972389
544539 613578
215787 589780
385021 589110
187259 733840
311353 639842
794632 379883
450611 170441
516312 43160
682513 927462
545794 840601
837459 457666
933737 826866
278113 571347
212194 749598
482420 501218
788480 238632
85025 87594
830188 882199
533362 538957
943831 77274
320544 107125
837591 461349
90312 955961
520006 631604
930514 548246
776094 865117
887764 61745
980438 29723
696280 181184
796837 949101
792738 578950
541391 432455
842454 840749
835894 862741
381637 900571
130885 239068
454688 773935
367742 7131
509275 314258
642529 773216
606933 538303
26099 191820
344754 938279
86594 131905
911465 234521
667432 34346
785332 398564
768039 25531
685976 794972
723715 440488
991942 14520
651243 529837
442314 408996
357984 643720
145430 596179
235294 429144
447580 799273
703895 490599
814554 14115
694878 418402
379126 70657
352652 896915
140892 532501
810135 140804
46598 293232
201086 394225
756960 371298
443577 189696
544104 439084
948716 262968
68380 546208
959604 177019
196619 72497
554582 532618
752151 782580
77520 814920
86671 610857
707095 217367
755866 295614
709178 366779
129512 427324
214160 548883
608427 676644
782651 623698
917976 327283
311852 600692
969775 132579
850889 371558
161294 100857
117411 712300
710670 372967
337083 395604
30589 667745
482422 363498
487433 892976
328409 762180
726334 194872
780194 205291
726839 462821
74257 426230
504176 925886
588827 619418
358329 455293
910001 881918
853126 736898
196028 149239
903055 108046
837491 347956
292788 350687
705638 834246
670186 216829
584095 319582
635117 144508
778470 888805
663056 719378
247385 468783
878767 305983
691118 805413
363573 554695
852032 125306
634075 391774
898823 134921
363436 366920
361243 886021
348192 289943
649730 816423
489702 617519
796519 342225
286411 57276
768269 539325
722562 909499
440407 245522
920724 759449
316458 153242
897432 466074
134613 244202
628093 798188
744496 644841
348682 618630
846876 639643
146379 237266
809484 826809
930374 773021
106529 684503
724435 34223
445142 358607
288510 242712
950717 450412
550725 733573
8937 987372
335460 270536
923600 32360
514305 679790
599759 455845
749713 992975
534034 343800
938154 454704
726221 563401
625409 269640
744488 507160
417410 888761
388456 668288
163779 316245
663670 126137
422114 168398
531952 656496
539264 870038
397503 243021
341381 774459
758162 269593
752965 530538
900212 75071
250356 428505
936998 488428
59456 403420
569805 880606
592828 432819
212140 8251
663869 335728
142265 559289
179491 120862
875242 467882
672116 310707
234703 847948
690894 642871
738990 469781
750952 36923
988241 683727
963011 169382
90724 817980
324676 31723
522183 702971
676015 944490
701403 598939
91600 310274
617378 319871
359284 196794
870674 896841
560505 326938
625032 263693
130701 450814
726544 304824
982286 658319
44986 662300
394989 67309
496895 90954
129319 501210
184912 772166
711971 322932
923175 457953
615634 135955
709313 909564
984689 480347
501688 325205
670107 167154
108192 302443
234740 268097
774611 521007
348815 561841
690934 510620
533716 983179
366088 614732
607167 405998
971380 969462
921984 410629
793736 160282
575390 119294
254564 495308
406304 463076
811685 158017
564704 205813
922749 316400
206742 211582
316722 756869
23172 217251
338102 36392
204561 497464
347708 981521
951992 397267
758498 496214
929556 554295
134100 260
829430 794813
849533 828227
198700 22372
87371 809805
158268 588733
573999 183973
114350 243430
935530 464982
374569 2595
763426 872347
38382 393087
288924 411290
244703 844320
471357 508549
858111 564089
544628 904764
293918 272198
41219 428637
283436 796804
313539 14716
386094 186327
513069 790312
736308 771788
60997 816512
290022 94165
404656 368585
645854 399496
791466 395724
612960 284849
504915 329415
241122 71373
373455 425781
147554 319008
37850 189348
729153 284995
906781 633416
34119 772377
357058 699880
473534 765710
193698 912081
151065 336628
787939 92986
873006 859227
538977 164731
762649 185618
183061 799016
613231 157861
529376 884867
613464 714329
807589 885199
151499 154955
510350 581810
496907 450672
29435 592284
996774 365447
209927 249934
70432 197899
502018 51968
16209 930571
286511 114997
72114 299153
424564 585587
13593 10761
13221 685715
387019 858501
474279 19291
146572 207588
337955 496508
965682 891944
182055 461019
728369 459922
792008 454568
944086 862800
554086 644513
449879 67360
520374 577510
28411 281928
223117 742303
507045 282122
671743 461666
846688 308919
796753 519734
575915 184457
864362 925859
533234 587772
402235 288671
858688 392860
885438 335797
574623 392116
653224 719193
873516 316683
302718 337802
24780 117594
810578 793411
33653 686336
340284 156091
359053 24882
385789 345241
281309 194656
378806 406732
397279 40945
131795 814351
576473 988395
478516 710087
791499 230840
491041 644141
804048 22212
654172 80596
131555 654633
925849 610178
468155 859931
763760 730218
527740 690937
471383 342989
1609 492742
228969 96575
293192 225364
443500 278081
505656 43573
10961 841637
296781 941484
370235 154743
343180 166863
768689 592648
64235 663842
275926 552255
673163 109139
142539 280080
901354 736220
546596 550362
219063 238709
886816 762271
146504 6387
26057 817783
633401 705768
722089 370350
489935 13259
134742 153996
435889 605885
501391 141899
232812 388650
104894 497870
852176 539937
321810 822604
143758 632131
777607 121807
726258 723155
381245 65269
121970 100819
728224 687173
791924 517440
184641 895962
779842 403405
312657 343695
997923 723363
193882 672743
528726 695684
807086 916815
94512 369932
353572 788751
117423 961748
441893 827431
394003 674893
912140 213971
663337 544381
731305 471962
90067 685566
79599 554607
331467 396986
415460 204048
343669 935129
264170 418919
831828 348917
825130 92821
620997 757888
589764 821941
419697 723681
712619 362254
897070 85497
966825 656012
627798 300502
226953 464297
963308 474358
888391 616524
201667 136860
416607 163083
483075 707561
574617 819565
937541 867615
291148 946527
708563 201203
560507 312326
707240 866359
305157 806964
381270 161907
675134 60724
875434 903588
650442 172723
423952 644522
309095 790374
336580 130530
546696 400140
551190 890527
598221 832925
471899 983704
302124 623082
935703 897780
38775 508809
998974 939744
876490 14540
483167 219502
822031 749969
738789 305573
277981 75494
181744 489164
955902 690354
704083 53721
709841 91100
677214 914713
946211 886521
903982 258547
134386 993728
932497 612974
398282 680750
192705 531579
504239 685085
522866 107956
771118 12111
714022 875650
203938 757468
945927 833458
52281 314518
45080 325348
104701 925964
169700 312097
190576 459672
270519 58457
266601 942923
122480 749561
769918 861172
726337 272698
972145 756051
301034 98399
418874 265585
865908 183975
815732 313654
244946 331912
191198 38690
334377 971988
566191 929578
93316 35029
455036 532985
893623 746437
668017 623688
102127 728516
260729 916264
420946 629220
562218 349075
881979 984266
952925 483547
83436 352478
528807 809455
952215 429629
954979 485811
410060 858042
268844 924528
62170 48830
969080 741839
49607 925922
917128 889420
133831 385100
144642 436158
679812 713761
401527 792575
18949 919106
80830 248988
611595 518881
6764 340137
1447 94157
223777 586510
950436 841970
527996 900213
240691 970727
200545 744919
201245 465223
596547 328766
49454 672913
780714 490517
600965 966041
145062 542704
205235 949571
566919 834502
837668 361689
827908 957430
131760 702194
603969 986423
407097 675368
367939 321090
334988 545354
89114 516491
680388 231751
101921 763557
476860 105371
406163 56368
308393 247453
105884 348596
584320 432517
871339 552756
267863 716413
229933 443421
522168 239724
146878 17598
810016 356560
831588 365290
620197 347145
382703 668737
563856 540380
225970 101434
269772 734517
289512 868270
231941 62712
879339 802127
13242 607864
424731 978358
140509 502686
767849 491241
194332 941407
326972 245931
345720 966059
516506 164554
224629 807332
88361 329271
633577 851283
479911 813486
48916 61755
256833 265799
727782 921683
23699 307754
86044 567719
742760 375719
532781 660760
493025 527845
831608 181235
742726 977642
352592 444757
498131 266265
587613 166645
719538 697260
897271 650701
321740 487776
470532 319700
298731 608170
147474 84633
585785 98141
165739 513571
783857 765445
12923 281818
203093 219964
172100 144241
314425 254967
184001 363377
892309 148453
271232 160945
215190 363105
100156 795342
380848 227293
133966 678154
676769 11034
6652 451502
584266 343917
339310 464604
42618 708692
108353 113130
917405 817711
794314 481060
823644 164981
287474 382775
578790 150357
756694 653021
198182 98767
929069 461767
728277 392286
638591 662434
798733 915317
389880 863660
180871 730016
928283 900605
414215 764300
200352 950963
675348 344584
501268 877633
418735 968766
532137 338978
127714 820465
923064 687960
513275 299950
156966 442227
789547 403765
942173 242136
646413 770535
216001 819662
254964 718761
805579 349431
896149 863753
983595 669712
306645 728767
91693 834407
242463 27288
881410 243118
660077 628690
754019 603670
48727 94658
138722 306024
883563 571072
779030 291507
57000 162600
299320 431263
382970 904443
701999 304611
976052 594573
798923 523045
583468 606366
589847 988334
482306 220467
998173 768047
780613 348056
119822 282513
310032 867134
759180 235704
870777 351596
779697 312382
167443 745289
825704 968045
89594 110450
861403 746610
800022 310601
128685 99180
540742 166544
20698 736662
943260 268642
600588 879881
200485 541069
973687 746580
495089 958109
832203 127649
966191 158811
262421 130012
287367 952448
844532 161117
747358 745003
121623 142919
679001 162399
466760 905526
113172 905349
126885 684561
169726 216451
843708 610863
673906 71064
462262 497415
819377 164979
984005 42748
458769 159741
380871 943945
763678 479674
463385 83476
747046 944407
199778 255569
993853 662697
494301 510624
222489 595564
335595 113957
223521 397101
839583 47698
92538 498836
986717 941122
965761 317647
983633 373103
680890 337553
614287 534403
81253 327545
344854 311138
429657 199517
245171 823283
235100 949752
79557 617027
398739 481656
70690 589850
909770 805624
389792 458341
473280 116585
272723 102552
562996 51240
239697 425902
22934 953984
58388 954599
831156 923134
882068 818117
769827 54935
297044 197179
298331 302679
863384 412950
771399 105921
973848 246713
223561 837399
343051 335917
406229 418472
914242 779340
600505 99038
214029 193540
928048 982037
392786 417122
175158 429680
721249 580478
845539 985088
750543 238223
639932 883916
223796 290452
438548 57612
260690 724076
118872 613916
879264 549514
964392 420116
174208 851563
934962 206301
976269 979450
149511 699930
154846 641632
93976 841166
305647 44080
504742 803739
341714 973242
193402 795710
658034 672228
420796 864076
146989 801075
576523 328434
822420 409931
806147 380246
484689 499212
995098 576044
920917 358147
64644 506849
640855 982238
343501 34427
884347 567190
78889 749954
515884 575937
835761 930939
450376 300620
624333 320307
367071 110425
472319 445946
128988 295536
877464 502361
45168 57016
922834 91461
418678 793146
281409 872758
39138 606079
249298 134537
628921 41625
398418 759570
83141 797260
950687 550264
829165 659111
548255 869432
689626 287209
480314 625575
987579 922662
846669 970232
42716 611333
509066 324322
773138 954515
852480 386827
277999 132402
563474 436159
626383 293339
586111 929991
207543 823903
73182 706544
685471 837649
29397 161490
231673 105863
458811 156710
885593 869568
145932 208383
751256 31010
182524 643864
915612 710603
61390 750102
967948 886051
825802 408477
867716 592111
890299 49373
851068 763556
621836 878890
42488 228227
232219 440381
871154 64615
615713 381257
371428 526598
277296 221269
607164 911419
421199 266387
836151 212390
841720 138437
536094 19452
344415 512117
269726 451417
839309 841990
125422 81781
424441 374150
157020 857187
423069 211872
344030 723224
700357 325920
367834 440799
25410 107610
854631 790886
254056 216483
57206 566035
850490 136854
905993 673053
7848 754805
386804 742636
73622 915211
199029 983801
216040 521130
172950 968712
463547 979903
287826 872134
682227 106743
824559 390730
509670 416001
661660 199526
152442 507113
608 568170
452904 497358
40907 311745
743713 12221
740604 236831
925640 562610
177620 688708
846442 145666
385134 701966
532734 425474
286929 375562
807613 879314
788689 765488
366117 969936
873097 628544
605118 836383
768596 485592
449464 505972
752432 154326
671207 670272
157588 50314
534321 390233
95142 223006
697518 481345
653606 537725
460195 655313
645966 589901
522031 407476
351365 842033
335488 691686
209089 811224
16276 63683
211679 614085
66900 640246
88465 413226
176520 809179
699670 795499
904307 964432
10831 731709
893860 254074
955568 580364
737176 441415
494122 502279
5375 519633
544313 1145
482650 260567
16467 332376
282182 796036
986305 832157
313124 275701
777084 439010
13114 587151
941226 507523
139712 829140
632769 975096
131900 570545
145969 850794
763092 874758
954914 778020
381065 247488
252179 59561
889118 246209
93017 451834
226167 206585
207745 694675
994851 635144
541648 180150
956434 425615
120856 894319
257769 842338
312594 703151
966110 471354
910014 23793
126062 639711
15915 435508
626429 445158
977250 101133
919614 348155
574057 410039
770578 720916
189941 242672
346241 5685
616194 620584
174345 979478
731049 268830
336662 666229
115594 680031
806063 944288
228453 976160
656915 113247
809411 55412
673962 241378
512832 967626
402362 780478
333088 424447
694253 336053
644569 650930
785964 730102
551242 145543
941417 388627
35101 637515
312879 393404
972486 476780
47907 987647
3475 15387
417106 197564
573657 911879
383699 336351
537812 12731
344024 199032
