1000
982803 881301
898324 857818
310634 663008
693967 721142
455860 968915
146505 92840
52058 421671
298832 756382
277723 460944
686602 903459
785944 970617
862824 937388
80175 461107
39486 224555
351652 231582
518416 889554
15299 483002
32347 645287
366889 691698
193988 684120
463009 614897
217010 306426
747849 747168
360286 846590
503044 411007
330073 409939
235039 179834
410422 816013
92539 813041
4987 230976
618478 7420
606184 455300
452359 940100
447708 603488
251777 693283
915865 636525
966421 254616
103013 500522
180690 983202
982235 677120
567560 431113
222420 197502
832139 362383
917394 130647
21597 342238
905989 604400
485216 782573
216938 99302
703460 19954
116453 68279
386844 860513
656504 887672
171501 37372
651023 281487
320879 169584
508448 494139
395392 243535
37117 280861
565790 170995
687439 130277
61841 372474
442974 524181
412460 692627
116520 143785
144144 870081
235390 745521
195568 512717
969891 695044
740177 591523
706259 595139
351622 533207
64595 234661
537289 77022
854296 7177
738999 699198
788187 189198
24085 735807
671726 139252
618704 888760
447448 65607
562758 750455
175593 532706
327531 963857
583388 153309
340952 729842
441347 602464
358690 178876
273463 312007
294356 618086
826038 648803
399470 164001
463280 575803
883222 452179
819867 455026
623441 144270
382831 607398
90431 382807
175226 21771
220654 655976
523754 731620
421657 944552
331942 650479
139307 9368
403539 349180
503716 392178
283895 641983
916073 105468
854939 585398
69112 185628
378835 602742
218849 479883
444842 474842
478188 562021
311294 490562
658810 288018
618350 343689
245122 884809
950220 446802
329785 396527
628335 367937
986185 80004
744388 44171
899483 113372
960574 185511
587249 126034
750079 378897
703111 601307
736889 45696
911732 92557
40820 574812
664369 213634
402513 368008
12014 593104
466729 110394
575343 51338
454722 874445
344605 635142
309202 56192
799162 610807
187438 476733
154688 545498
593390 131498
112470 488703
697594 170320
186482 407337
642717 410019
530662 66997
476111 431977
594613 505656
309460 613010
966869 827596
557076 278674
761794 59642
628118 301097
449 289156
39594 685619
724422 137048
232793 964249
943860 796119
830082 658218
760002 446632
279351 382150
704714 34904
404369 2553
731921 628319
216435 800895
199210 116598
778902 616424
698482 320829
390560 530513
914310 655665
978178 556797
266866 848214
620016 59367
582200 487512
669391 874658
887483 603292
312071 984921
541553 301259
332054 968184
272757 6600
705790 234539
827828 268842
964552 590344
563954 678409
109061 349594
428897 510446
969876 996310
455747 421857
718409 977391
735396 373468
72204 288221
846035 961666
911682 351317
950563 633161
382339 983303
105995 304448
802698 910381
246954 355973
262089 663935
102744 984943
551823 419072
740982 287007
232742 537225
750605 471528
394370 91108
566034 683478
412055 145817
543398 330075
710398 66966
510623 931534
435379 538263
687094 217566
833496 568098
957347 743364
794193 576230
258851 55456
983063 626766
451901 150621
886589 921524
998183 806092
113382 829768
427391 941896
433287 602981
914493 872623
228036 794781
719097 676600
186399 735387
796630 549052
36421 337324
298141 167206
624993 289849
978596 261417
13972 691770
39746 507639
70331 664801
453758 68009
62386 475042
917976 728401
811225 687400
299865 668105
222100 925925
761282 870097
778434 18783
897701 823381
476525 455647
477502 920971
763380 670977
871515 348652
37440 154332
508225 527128
821147 18607
240919 527589
521193 503022
863903 867854
689455 385818
624429 642051
517015 555576
311711 143771
257520 746738
719112 388795
867878 821261
130171 230349
71744 292732
306305 772407
292872 236139
588686 929263
920372 677777
391433 786997
604317 50593
55005 355970
835029 69249
490649 938444
910713 104730
413972 629188
393531 82047
841472 200826
379169 434187
600494 270714
410946 560980
755672 79011
667436 140204
10329 449888
374188 715797
546413 299590
478585 474279
934216 217335
366254 256841
672076 747639
379197 840523
53920 458675
21013 777555
6672 383590
278663 86866
759824 532820
690122 807755
161980 140289
903126 832104
457233 887646
184405 571099
540722 250827
528444 891141
854718 418324
149280 952795
299961 775510
430273 483089
148113 924111
808995 451731
754846 364073
279331 173944
277287 841718
215400 955698
207980 166737
730916 727939
177334 92913
133047 467327
563145 236695
187741 595624
624624 224233
769890 886911
125888 895664
995880 251577
529371 899746
59971 354126
934660 710849
52118 330726
86401 978581
821377 523810
473392 388763
30204 881792
571631 255203
270597 850035
821641 431116
447568 569081
966706 199429
322136 870982
661731 467962
536632 114365
532037 608881
941250 470720
645036 293452
965444 653663
163949 915241
557779 824786
809781 718261
975468 328225
631970 537822
465428 470299
129985 626965
589674 172610
926760 420823
968811 405266
811376 664014
510855 519960
294244 150199
851937 840171
996021 925315
367038 743358
75752 265430
162080 346623
761720 128676
158568 621548
873777 90598
144389 148076
167904 873117
368138 244284
994748 456972
910337 828435
119504 91042
908828 872433
209474 374373
774579 793933
76194 752635
555697 642481
187095 839977
773475 938213
281610 898643
136249 892467
995162 100854
136823 241375
993118 691723
82029 132684
660055 161310
201463 883278
537359 667115
163339 954528
955174 343245
262321 284293
470230 655861
546959 194834
463172 582919
97845 887945
459206 223370
920261 301438
733998 515333
862817 99130
487777 595337
876511 580394
869636 15603
65310 914464
332073 825544
361695 553165
218015 54264
428897 520829
616132 790409
613322 449279
490312 956016
535013 242245
733578 328908
264329 359195
243808 352697
85048 51499
765993 305410
424664 195952
448611 977374
35670 431933
189853 495279
999723 421808
399303 505963
815980 212160
244449 735539
59240 500537
307990 294212
666092 63568
550590 504194
338187 354005
550664 352194
314022 57730
11479 3142
677722 886858
656419 763531
51914 380479
210359 764787
161683 4443
40956 548113
685898 737359
326327 897862
158590 555616
491381 269656
685666 442261
348486 250454
932486 888335
368058 965985
476311 443682
712323 891801
485760 939541
463165 598794
583785 432215
586669 227891
42356 249553
735734 89652
240678 617141
149905 363482
153182 714697
551174 103887
944095 255979
334790 388339
537564 515460
859076 437645
677506 302238
724070 968173
960241 317320
102558 325168
947340 425190
108079 895850
168356 78758
830948 71188
759431 522780
968458 269862
40603 540189
134448 97113
246775 204179
408708 568318
139084 224005
886796 540584
414563 866020
71925 352775
684917 589013
669896 434507
467445 211554
973572 679351
926321 856758
647746 576136
524645 825699
631805 404626
625622 825098
165363 142622
320075 670994
210370 530181
477636 530068
749666 30708
340763 990823
130961 480948
318214 501767
29643 737019
482708 788323
760003 589441
929262 401582
588553 853871
871871 615245
257697 471906
885533 921244
284237 883177
364029 29934
184108 928322
443427 83887
530928 363399
879767 851205
453579 993949
398306 941826
862937 950024
925046 856561
718266 554389
971502 913407
269131 868700
788029 625230
652889 69840
643018 813521
29536 74481
568707 189309
449408 188632
376505 808919
107741 32494
9050 442487
73861 990579
157120 954505
786635 867316
172046 426283
54724 267142
855717 106488
480729 338390
663292 522665
725465 989813
915379 414521
455812 350410
723721 730295
340392 472051
87543 651140
978602 899617
540675 368116
121348 952008
365779 915656
82450 559103
480241 634703
170104 756022
330436 446690
231238 624951
799619 318272
582908 790893
647774 470413
721147 399238
202639 700524
670729 668183
547733 454785
937703 281304
135421 849319
954197 209273
808294 264685
329936 255537
490146 308758
571700 907862
872230 232495
215545 679839
949753 433611
842066 408134
832415 529127
42741 237678
819814 181
246001 995291
961806 369885
590131 323937
589951 244342
72201 905418
444293 98844
515705 908191
209515 817701
626250 257555
627006 314807
332109 553536
215567 265869
552134 810874
941742 415520
474964 854927
63001 711313
489219 458068
269423 168445
645613 706191
116092 115874
760516 323449
49046 6744
851171 568001
154393 282803
12961 162094
982851 955209
412705 221174
415721 245231
268873 234607
135083 333437
492207 76223
803132 703355
774247 536758
867150 271095
218465 169493
642331 751869
852256 107406
864555 808463
481734 575395
69217 992010
203392 447349
74253 402148
672062 603201
744143 399843
387290 463608
744417 407978
910216 289292
60589 452587
994246 625063
676102 24974
912569 370359
621902 91168
874554 226400
359219 254672
38303 245833
600746 147198
575101 234541
340430 854569
416994 2640
177443 582511
941898 788693
829964 233179
727499 481669
548796 700122
912946 378460
231177 781987
492497 403774
852750 931371
771119 687124
897676 128198
740668 319221
362358 922519
138856 225357
740185 719985
259975 358433
175177 898050
332135 172579
255320 757960
626794 516738
183456 845299
969414 801588
418135 868929
538896 189722
481467 280334
873641 930729
143236 298152
699740 83100
291356 609685
65243 168945
790815 808083
184951 870572
969181 146594
778409 433075
840860 877564
339173 897748
105061 884192
639488 815118
774004 346145
305598 242225
905939 62075
279786 595655
509380 103750
576241 748051
341451 601587
16380 742540
984153 639055
695051 583145
452176 714892
632693 525564
253909 160270
544660 31805
232097 846613
29846 133513
54893 310913
260014 56332
356466 559811
972941 827251
471804 954989
327490 35809
480927 277560
705713 895833
505798 358919
709430 661135
476937 406317
590162 527530
436010 803678
170275 99957
172820 787508
334176 277270
948620 980787
223440 81087
867931 229002
481400 527660
681868 554477
563471 827498
316636 551424
307521 694573
678461 925992
691984 379946
73806 99825
966479 374092
160422 440473
281695 204383
480256 289869
380841 632216
632292 861029
597867 480988
671063 557016
252219 619793
233995 332867
134290 391215
382135 991556
386192 535168
658628 770901
690984 44615
106199 428261
145149 400203
60844 51353
459567 194372
955938 17235
654532 104388
385260 208220
672547 897543
376394 267761
178181 864602
488830 142565
147847 651341
230857 756254
67688 436863
368714 17185
925228 360849
950738 914601
881430 633082
583653 817448
593959 273876
445710 368629
980794 770834
499070 380522
868194 87545
581776 633664
631019 125315
437000 619090
653025 603493
750193 597577
4415 95635
295214 608389
92995 484940
574376 399914
416817 362879
561691 13988
174042 784960
20054 333637
548576 6927
83522 341015
73281 192940
720140 536495
621902 370267
831482 814680
447973 107383
672972 94559
291136 8117
983279 269152
204324 67156
458087 70778
71960 406356
759352 804876
827231 66981
232817 189049
554860 51870
825797 715541
940926 875283
496650 650974
854111 298156
783085 387325
569901 10571
107569 535422
213180 619543
752157 256605
867525 728325
139562 589590
257440 643516
871266 297464
857976 896174
915457 998614
430928 824694
937082 41308
11822 669121
4358 722382
645665 864003
130637 982133
527823 590997
245028 308199
383795 514311
919139 682954
326886 281005
84245 97385
987794 959421
723535 973747
746019 738077
201503 899966
354456 177964
791227 526347
984759 910224
354572 978689
741446 562002
550590 207462
441976 180869
726207 500931
742468 516749
765824 316329
895932 24328
281639 931521
902263 533031
331552 595021
964291 304847
664552 587945
907674 347018
639505 746418
616989 344601
739385 794681
936591 386470
643996 207526
758058 434029
24581 35907
987636 693917
472058 283643
4646 517244
280922 307282
627085 500110
478442 987542
511395 385714
896954 332208
6387 869053
226662 374346
322338 243316
120199 319820
261983 896402
578614 77231
794753 606138
895821 172026
698076 865716
332087 861751
124427 851844
812881 529914
36171 944477
716554 101640
965875 730043
529174 172146
90498 394927
605573 110983
223918 818038
809632 513628
833620 632858
496028 875046
893043 160439
366159 741471
421859 530293
876113 26673
284320 157268
395698 901677
942034 455550
276920 134590
227442 231917
535718 346185
397051 78734
706118 644709
298031 296785
490046 635091
616229 812023
644819 551334
473536 431202
257478 353267
551946 287046
543858 143209
301465 101852
920869 503854
614358 688327
747268 83867
556311 164479
625930 55165
596989 562611
423447 302125
602939 542948
228731 427688
78142 435890
150866 145759
74391 760283
761697 425183
481675 724216
229903 540179
399686 651796
481982 252847
456924 410780
720912 75322
744364 630888
54609 894199
90866 597293
161158 419272
462485 259289
80403 898812
954527 248466
631233 678391
841458 861926
600041 658409
737995 208526
368095 89309
418140 340793
883061 674831
724243 296789
17846 430263
459014 126068
799437 464142
518305 928827
714828 731416
810203 350446
20314 905534
731258 709942
181498 781370
285543 864765
864285 924820
435676 234445
129626 604538
214651 657508
670857 172472
877185 200446
302872 308507
552965 965039
660794 762313
123154 721389
286135 706295
624727 560518
489916 774163
412035 957550
431658 796278
756115 617999
447252 169702
741459 444311
428688 245794
711392 736899
85674 517098
912601 740372
751404 115434
795659 958629
613800 22225
568856 65999
726500 922947
879316 309882
962635 715289
787922 774237
875379 852398
781216 583150
430380 77791
364931 636869
392798 142754
210649 308916
982797 504207
617010 759206
80226 64660
911168 149770
335842 542384
101637 682630
60639 941698
821961 13364
947652 787448
939018 124497
278005 135297
787616 795863
518200 90764
164512 839102
271187 9189
142316 466108
943531 656678
631529 825468
631322 32305
400511 227294
565212 917642
635006 13283
206641 59905
818721 524046
229271 543443
49537 316495
595953 658072
827998 58104
771699 315314
377301 44845
770288 779045
700468 598510
369054 915268
896164 908691
518319 176324
694737 624129
247869 414055
