100
854275 820320
30047 474718
490712 823790
286019 915128
913772 683834
407583 861866
706762 516164
835693 188636
1878 39749
121391 913112
529060 411262
670638 814258
584036 995100
650325 552225
216197 259460
906592 254704
802135 808473
962596 712738
929211 631963
786638 879306
963654 395941
890002 204039
127551 909981
313838 782352
761596 84380
381488 689055
498271 76671
183223 967271
767586 701837
96660 731800
504125 252938
159129 904575
139008 721963
422281 922463
393624 903746
160943 934487
78810 367814
911184 310989
191715 402530
613631 516116
364817 808679
52590 315835
999654 698713
243003 255200
539337 191785
320252 624583
220278 340278
139529 122048
599397 429223
441396 870068
844050 837591
872263 230343
90395 466854
928121 485397
379323 362419
423713 843801
398039 831655
333978 510038
268091 859162
409796 617177
735837 954067
670038 443405
711985 978399
568689 732164
844482 294579
321197 153084
264250 67344
193764 74977
197590 290774
176556 727809
307165 186903
472378 170247
992295 761520
406466 556397
377333 473827
844055 694019
56331 205903
111173 404249
802647 681658
362150 780822
518588 68526
638591 524718
871732 275627
613837 949098
269984 841219
633104 58359
88930 12802
318228 508193
367729 761569
438461 566767
25846 879098
837001 51830
759959 317459
505203 837225
34627 198809
778594 532245
821064 22739
425075 220764
750033 995798
797850 982702
