100
964486 873153
581295 159270
370466 884205
833308 896419
663333 927863
713041 251214
863802 275012
80309 851575
642130 285428
211387 433190
603887 855258
698512 768711
949354 555779
751091 173873
645321 112578
517585 516211
531289 872308
924223 127463
4250 206204
452716 237492
615790 701023
723069 361586
907992 949288
341372 368383
419607 565096
881837 691228
294001 724980
939473 636194
309948 263417
993374 790646
103128 634795
890644 402502
44096 263268
795634 86612
411721 310066
476178 321270
631234 588334
691018 657932
928078 534801
592348 835481
769660 586137
215292 805555
156424 941067
96148 754243
328565 534500
546018 663086
506137 105499
521836 276790
13081 377897
457307 192771
210586 989610
894883 344783
399241 570426
675085 59323
12018 735024
287832 849732
643173 528975
502984 552523
406901 669908
67693 781786
169631 753100
229995 670984
573075 63299
160021 589734
772450 842283
330439 950359
812177 980742
875046 872063
865675 194544
675470 299740
101840 712769
596524 234986
357083 294942
957387 762249
627927 485253
348880 321834
209431 223191
930229 320963
665646 55065
492122 837377
883340 764760
727183 677021
548910 415669
459443 959282
151870 280759
109251 990799
818775 71154
365793 962563
503091 757812
957656 907123
540139 40613
638128 989078
879585 925174
571633 278512
877701 175862
35819 909197
567047 656525
374263 527927
780697 834719
699598 238506
