1000
464851 616571
233532 997486
693537 836371
863249 337396
806039 368850
27932 962839
913144 213020
205636 708718
328934 446029
897819 670262
255921 468825
624357 745963
941808 466008
14425 931286
437582 130291
959824 379104
593904 288494
997968 220246
70538 580180
387618 137416
693737 26267
20817 536144
274741 410484
453784 843660
770606 453323
109415 95321
105100 460218
725158 800702
449085 391034
796068 254843
812718 831127
754463 231129
19839 219676
49285 26128
901976 920169
659971 716360
929042 255919
485951 385231
64284 348977
694972 443263
202815 965572
87910 854408
41213 299053
607136 635306
391485 306685
422596 858906
198170 196517
761047 885
352724 296964
50103 575282
871623 44829
18639 585192
294238 875000
75074 134494
968298 140249
123163 700648
126436 633274
215833 376208
859205 700340
245829 538368
771293 401552
28460 873304
105480 979847
64343 235123
459718 729428
115141 402355
250247 210791
111604 195429
86044 697570
481175 339625
934077 861241
280785 304797
156032 58614
982709 756848
402624 87178
485294 657761
640520 658677
560070 388105
887095 599324
786141 714642
264810 4467
314985 555415
65623 45170
162138 800872
161562 942372
791112 98290
28886 467346
971841 491385
922224 949064
8468 66363
956353 623719
919540 573316
754574 366860
585523 264433
319791 266131
938607 297365
394441 446364
433081 508715
467985 821854
474394 496420
880775 163181
834996 314312
770517 750521
955430 984783
276676 91131
437679 208035
119190 638034
803206 365062
949700 343557
243834 937486
839194 907470
904421 775774
358486 142016
571031 1882
691047 792434
802521 368628
804889 677
721482 935963
758966 127536
460012 62392
17121 521437
796931 153142
469161 267205
140860 261054
657827 221073
569322 22912
819544 907150
3594 711544
789510 543971
527782 44090
693104 107038
255990 11869
724812 682416
264987 994785
119018 233710
821026 85798
721382 892100
907379 645709
692572 496370
687474 487262
356445 586411
480223 363347
391432 12272
870015 933543
122420 301346
310124 174257
526822 928592
373409 945683
670393 181621
754893 710367
591236 479950
272892 499593
758708 657477
436558 272371
644585 332023
566325 400939
551425 554636
94643 114200
576971 823365
597312 575443
370236 156121
987204 84097
542660 509211
933419 444439
434489 667073
107082 209607
281383 126976
731736 256941
568747 320943
584959 729973
449609 601399
237418 278981
583862 799966
72763 257511
137603 136452
676878 703234
676938 455600
464650 604080
998714 702269
436973 457067
33625 376053
833285 619293
12800 933031
66943 108863
847757 961828
578917 408469
386392 17162
219846 556308
735794 459041
899000 544261
101863 481548
413622 352313
451658 515515
740754 517802
577082 320588
697935 754485
694121 770435
749015 50968
661284 152186
417791 189366
150384 530319
354273 480983
735079 20790
528677 621987
845699 507005
811445 834599
37216 482067
877147 72016
802532 270050
248135 736643
454196 402073
706138 318084
615673 777434
692790 195308
43854 734412
982027 504263
333216 929069
921172 846423
929918 556613
877764 17430
443808 282848
546774 818457
909197 585866
807520 103638
171507 77939
300391 210211
792664 377436
638787 834047
832625 248202
656773 329647
229218 112161
831213 560479
457271 543891
26473 400987
953447 929884
113785 993976
842470 764725
24866 101925
932546 51718
403989 889759
352949 501437
471285 565607
843056 485879
626650 668081
988174 971708
935109 733403
550251 559571
163502 854124
524244 715607
97497 625334
990781 65921
260266 542668
545985 215441
123070 889396
618893 417669
127102 788885
263676 514708
476491 405184
23044 274156
822910 39833
55152 892084
102123 665533
69499 329376
402972 347195
826326 129190
185078 886732
601287 671918
97438 216088
667897 372399
188566 422420
179092 511560
343639 267273
697919 905035
28345 127784
943655 744779
730228 260221
785736 554008
957526 584838
392357 130463
598520 466004
287867 689086
383628 516732
394837 349108
515857 380870
448425 990385
729725 856376
569359 33597
759085 180920
89652 347149
523664 948445
698133 304719
184095 298763
340960 334794
958473 275857
873741 618022
587150 494696
761912 273675
425513 998910
807363 888192
501556 875372
602718 141921
77142 284420
569240 40275
675889 338136
712074 854178
139026 186007
400947 866767
565920 396240
933092 933353
620618 49722
488406 581511
302998 734360
891581 778369
348744 459778
609952 273341
299761 437424
735498 707661
140634 670124
962233 501164
409989 756205
627033 935434
366667 889995
522474 61758
345934 629222
800183 930093
72405 624347
163353 169275
651794 292825
243689 568657
643186 364951
702177 723858
911808 402009
686341 317901
489809 470639
679463 234323
934290 625153
8713 398978
675132 593649
947040 470057
634464 959221
534459 761654
835709 993588
499518 469485
601160 886255
64741 705593
659944 324118
950195 11324
586340 765348
675937 529693
422149 104762
831745 119769
23318 309093
842874 241785
449252 819472
347670 321161
181619 45338
605316 460756
689751 746842
542571 746118
161414 970711
532710 42228
513730 84338
715477 455216
783871 46658
913822 763721
921373 843967
495450 1312
56916 545878
299606 330430
684783 193075
206701 826458
221089 648123
237265 204229
993940 727513
366450 950616
841024 851095
191224 191262
70993 44750
535837 833164
279190 830384
878974 607277
801779 900879
34155 197881
809214 295397
927086 497949
815423 47116
334657 811245
137416 483867
744077 346400
329761 388384
984741 912352
456736 510158
344455 816429
807418 232873
620159 641931
906156 977022
418797 191484
40262 377132
925886 99769
899756 947556
294393 899901
306550 913411
836653 302537
942409 820165
31093 183439
919770 980293
50786 819113
230625 475359
1609 610941
534499 303815
303334 215980
861784 817608
866647 714189
170628 865554
219051 62103
627591 172808
313194 534279
14320 726423
603575 832556
167614 965669
715082 337403
225164 169092
811469 610929
545761 625787
597473 839272
964182 910013
734034 195109
461162 347686
954934 359750
787455 644840
423268 93944
39773 96456
804971 38870
280733 744969
444624 796447
251680 778763
240371 145650
73247 400609
127122 571454
523313 123475
976345 740764
598485 185554
551105 812949
14786 82719
285212 928883
41634 804378
915383 105983
185771 220420
778787 325971
930660 659179
207788 767187
435576 223432
217610 618305
439921 562204
126299 833
123055 606317
95620 457525
366441 260866
816801 549716
884643 668542
793930 144887
713325 854807
382772 652511
940055 435431
813060 140394
80587 493161
2959 879341
539353 925737
652587 264638
242989 850182
644092 222133
309436 318662
880697 245120
42416 438436
27725 233320
128289 814430
424533 123838
721173 694917
13541 819078
136473 863733
684162 661404
120160 49885
531768 267119
251564 694371
345032 402097
106642 485583
314795 103407
814005 652118
153580 981182
503963 648671
251859 835854
732642 633781
785956 952917
57289 134945
168075 301632
17107 110800
566107 440871
813661 805848
968970 591563
449804 128276
576928 973176
689226 35713
597955 508554
431872 621133
816819 944970
340028 764635
990871 848067
933686 594263
199980 508861
371385 144528
422909 391683
923272 943454
845000 654810
180231 995472
718990 414208
781906 571263
802484 788257
18899 483133
66352 479826
526172 233131
877548 397411
860593 888339
676851 599363
883751 415594
535496 517813
379825 351997
559233 790741
792936 396016
653185 317380
601641 443856
519776 975787
883499 624839
22339 185813
549169 850917
823030 832704
256770 286759
787785 709122
694976 303149
461554 884561
890777 570410
216488 105938
84115 291772
691348 303666
258955 684410
487030 229905
299000 15506
638165 661966
465049 471948
617518 900104
228021 885756
857079 456886
211949 644621
530166 375712
255751 494573
451962 28746
971712 279036
451453 179497
495692 339752
383910 915938
172789 437154
897919 472390
529427 982976
309964 816752
277282 43461
772089 103099
578273 235547
414546 227862
291991 412054
979971 164759
930919 183692
887805 889291
944472 973647
171717 398206
694184 832610
440820 424071
186745 459335
634116 153412
994666 636697
183641 897776
947647 862873
148703 418172
197096 767485
108294 867160
658008 103337
686851 89307
883719 973172
271612 77757
648316 173785
244432 697458
573665 591674
81248 694616
411108 206944
910341 556467
806324 740071
632144 502454
108914 413721
275428 648145
659374 317953
437629 111230
117719 900730
439882 201026
692007 648924
850071 726891
947195 712662
585648 897895
132297 627997
797067 158098
487740 93614
600840 733893
212506 623881
260776 594586
73011 169277
712228 798922
662931 317021
467083 806837
254873 906709
850515 279617
693127 297824
645874 562490
131331 836861
415005 534135
185008 659640
275749 134709
622949 956345
583671 175380
744834 304576
206806 947794
705679 875172
482473 783798
346429 232905
201829 806833
753045 729038
714885 883498
277293 448406
117110 344604
105768 99761
65263 558073
171202 760880
570041 964277
780208 108222
163754 904370
655134 663010
300869 666657
575444 553520
790224 129678
820571 64355
752982 632072
767975 936553
633894 147300
157329 314531
281264 602347
394951 640476
261337 69773
680944 61739
273402 843288
895336 66602
654493 500258
800876 71464
485688 295665
969890 596241
889220 71708
833523 328969
988641 893836
962574 202070
82110 499833
382739 685933
771181 307250
569976 831267
519527 144663
864003 856269
56850 568699
581531 529429
762994 529807
71242 543246
557177 2402
493786 337936
266729 760697
961809 304983
474829 820606
859008 99824
375843 330741
559515 970713
251329 266068
714002 950465
780628 976873
106379 574846
369777 133621
818776 900408
981086 980363
217906 832046
964393 69019
7725 887633
659374 539240
923443 881426
345050 382299
44864 406433
295678 744133
939172 251536
525469 811201
500186 696999
394246 279880
767333 226827
718174 765497
324896 236792
476560 833347
452508 226429
159267 721215
740493 976528
134423 252219
123588 719696
176891 502657
663850 46446
915397 740787
893360 450957
624256 844073
712087 645928
358362 195500
216216 701244
459412 359992
547921 889199
211744 320090
20467 787461
546384 920331
297129 445790
142064 909515
469045 97272
92444 788589
724689 406917
783596 376171
106585 347688
848176 334127
183695 950425
119440 244100
826013 452209
229181 477478
391667 558670
174408 350477
932489 153805
308024 506626
801879 229270
810644 850570
848174 742688
656898 267349
935962 304966
614776 383519
813461 180639
929824 942791
772614 325483
934444 380224
44783 496581
511380 514632
525881 968101
486781 268599
931322 222824
156514 790931
888855 791492
146881 690014
121587 659579
701545 449347
565830 744915
726792 538906
883398 814194
202619 860719
129714 694440
291425 11925
377402 527123
235531 731150
605489 601586
787236 773684
984327 46593
116104 178333
6376 648161
826643 668037
519398 231665
736239 375599
499360 370516
770093 405112
948330 80366
43507 865962
240580 904505
68734 397203
485122 950395
441118 451917
251210 841915
216997 930750
543172 857110
733279 545641
578972 124148
790800 613205
795698 332732
736258 298001
741072 686118
415061 979952
614535 280218
504206 163003
556652 90865
644596 5034
985121 746520
68444 65753
970791 491395
774493 581349
518691 535712
199695 663148
181443 758694
955732 143846
410815 61223
663685 987622
142837 6236
166901 296773
244308 543209
216076 688677
941120 742512
489935 569762
434289 906383
179345 521046
942640 549361
96113 717011
547026 238629
104697 939752
292029 557412
576096 575902
627069 90701
638819 305747
501285 934014
591690 59724
741556 202484
549525 897137
372447 532297
652495 270088
834034 131931
694361 417614
522340 357909
592751 536776
151717 434258
394260 271447
254742 572873
265028 451304
962 275417
45082 853570
415412 550216
818454 744208
365712 478032
205617 782848
441174 446284
461694 358824
952193 86004
910663 192825
834851 389188
997475 278253
272229 647194
266493 714281
322114 264024
132694 855445
187795 440358
493622 539602
365639 126445
162235 311833
716323 613936
750809 42536
824569 207966
11976 644943
593732 551095
48786 849097
135460 595475
310501 333594
499756 988870
225312 124176
1463 158104
318105 765630
799701 966999
984115 355644
21921 879338
86497 210164
912061 855862
391410 542000
803917 371290
54501 595088
71515 65417
143016 201993
51018 476266
700263 560541
987781 688886
985769 80114
353544 499685
333914 510129
549424 216887
782464 819096
28434 592076
681676 67148
442066 218807
690023 533043
453947 466097
429722 307914
152208 507592
641737 687704
728745 591526
703788 81751
691862 899474
225830 258489
426839 830169
194572 916951
164107 212808
449013 145163
518633 69147
502223 967102
215024 439970
597162 765307
996527 44604
3526 207876
918302 215100
903904 33254
725826 453844
604909 248662
510421 243259
658730 867833
940297 636
198732 671885
493874 598329
31775 284055
458269 58244
387368 532616
972289 702410
367132 485163
828627 221873
52241 190432
874609 594910
418644 703601
701059 148723
326391 188162
817074 77300
207106 599382
231091 171020
753562 158613
533059 159896
361872 293596
428128 428739
779730 589170
235274 720711
222612 113094
509152 925224
534931 652552
113990 628277
907764 249331
796965 496417
324414 119276
96900 616134
651046 650382
620110 184818
218456 408286
5392 328435
717023 344120
865676 673132
552275 63718
587687 86793
593085 183475
948997 633474
695952 445539
534991 509314
647471 690511
929773 595895
440694 314228
193379 884392
89623 825099
385649 96990
770801 951918
446483 556313
497955 744888
778168 190025
61561 482683
43200 726691
896428 991952
341079 537904
645097 672799
981350 192703
935742 584361
150384 884873
422697 988016
996899 586211
403362 412599
22866 268102
175471 463944
750077 633663
11788 474339
404749 25697
269975 473577
193006 195527
605320 389066
637953 871081
359442 599221
335828 470247
499875 737440
671367 636774
409855 154155
230570 921551
728025 63626
733066 788583
3378 940007
981866 285536
535166 802384
263352 575253
