1000
638642 504036
485005 796538
614517 210183
775360 668781
241869 810132
794658 946786
581902 59732
209273 909313
694198 737221
509821 160458
538781 971571
697617 997701
882264 724386
944819 848424
343184 729865
428855 831446
34238 767644
347702 621122
599751 272037
279724 187094
151316 550705
24753 777056
335078 76933
410749 465506
119769 493409
619238 336488
744450 341215
666447 281362
341687 643431
94908 250972
16942 481140
333806 997183
995102 804064
144574 741027
322363 802717
445077 343645
148462 168033
179602 814075
343105 844524
554547 237725
831256 379688
657076 15625
765744 97332
331703 566777
849048 179531
111427 134148
975476 595847
637682 220135
493839 988174
74691 425662
911948 661339
222963 375587
221618 371892
829146 185071
726442 48367
437138 383491
563670 531212
49117 159399
689477 174967
413944 729922
755414 480140
563130 697748
398523 771552
762268 635956
992739 625714
436150 744527
636376 789812
591155 540034
175581 991466
563530 322601
742674 713953
728395 559443
206385 293446
202679 641966
757884 422252
477742 239140
333139 194655
468737 580544
310921 46572
642247 660277
364364 176319
712083 89659
975703 785830
232451 293597
474991 655361
41050 205827
686132 225861
679760 378560
501221 170852
408280 951898
140176 55088
36835 811962
346968 433912
366279 206522
695213 487794
781218 834571
663197 100450
293209 957847
720315 588776
777605 791879
824016 426231
89308 500010
738163 657973
441570 533225
776795 322652
386447 973283
382674 417452
969825 833760
456059 626409
696234 537982
379313 66132
328690 189292
412237 148704
990341 328342
200416 53579
742911 58583
732618 62904
134309 260051
332794 149427
985659 948923
480031 122981
920940 827285
514018 855187
451888 694184
543490 401723
433094 275394
849785 650601
710175 50869
973456 663159
677666 534515
355651 68209
453711 328587
112442 914873
12194 891047
916788 283307
611150 322470
815593 509995
668978 532643
682757 683198
915101 629926
817458 357229
452864 582788
993803 642953
438558 12101
873369 423943
966726 671340
106244 686027
807210 234829
507266 690095
789288 883297
572007 368753
87434 559213
365863 475059
949196 868713
145639 894315
532084 430896
407816 436126
298741 717867
742984 59055
964898 619464
929110 196308
302246 168325
532482 814582
808017 137752
786592 451216
791620 559461
439001 842923
222717 640947
907643 347911
433737 677152
29886 923368
348304 168347
648456 465941
285812 51279
417562 240284
467098 835740
154518 522246
699458 610221
755294 947385
218177 799424
443826 999767
997847 435338
249326 639717
822559 489943
769974 594806
419906 468663
112745 8392
732662 108430
163865 208559
717401 372465
390430 780430
308980 799581
972935 202821
555149 765041
147209 847289
24074 358098
89027 842802
804182 797560
256391 434576
890516 653683
35717 10253
235431 789118
606964 578432
106802 81268
948597 842755
313739 562036
773741 698066
49546 129605
37767 160847
982773 193750
863746 173448
438479 5533
392310 813493
943021 443649
64133 280444
669615 885707
707085 778045
723843 130775
536613 244495
393178 152491
341511 112216
617121 952399
783074 750283
391367 604186
634842 171349
742404 670385
568804 344215
474391 594754
333140 215596
680078 259365
377442 492355
748926 421262
21353 150014
214463 820195
118935 102707
210851 634617
24950 569588
272122 429945
776440 499978
11079 453656
715468 591883
390215 226745
354368 65068
731220 724807
292388 717958
517931 456943
872467 178692
734200 199594
648512 459191
548118 467106
698081 592884
271799 492291
842670 624722
422479 938597
204209 645719
551385 439128
814827 289634
440551 153017
674207 699755
718914 19523
237786 921406
125217 871758
703291 559151
752682 441148
165701 870647
7692 794806
655607 807183
43667 476782
938643 816963
471894 831568
916345 792274
398895 516447
728572 936331
19538 340985
407007 253483
464132 538120
819307 652039
679802 341079
763175 283850
203425 16088
56708 12057
397478 72708
293657 65660
560806 470595
757339 139879
286993 766047
716064 789945
596464 280552
272800 460319
426529 811654
128225 169429
118745 743997
76243 263792
641956 903612
133799 462175
900875 629460
197590 657753
579630 281840
227956 858382
393784 749519
837492 668044
74790 375250
359351 255527
718934 595387
358990 710793
111997 165974
463420 593087
451541 94186
884958 48282
695547 114092
762997 943658
848735 127231
716311 943121
122821 447817
308107 566133
743656 467358
152556 602518
975020 822119
774171 246686
767653 924960
824005 449645
86068 507996
846187 183145
710871 744865
699834 311555
237212 115527
482740 255526
491550 711261
361561 743869
85283 60917
374859 361952
541329 437971
454041 777210
195430 204700
128984 239568
121172 535324
115890 799464
121883 11150
617419 576382
51066 892189
825797 158949
740856 557376
670625 513858
851577 570791
963557 286132
310994 961947
668752 883458
65034 605508
592102 842443
972312 224612
882778 448607
688512 764295
535898 983881
556558 437367
937951 606161
161931 430559
174289 136722
599007 128137
706282 294
173374 594822
442238 355042
795697 325746
321041 225735
525701 48367
398403 647627
647685 379593
18884 559730
480338 431371
780080 403167
4625 510961
844848 811236
271324 833506
528743 563634
83399 137503
500106 863871
340467 49041
781095 360043
683811 969126
886726 19190
278595 274428
155982 579784
579320 901081
359869 600605
511228 574211
277707 104895
787762 557480
176693 275847
454563 427036
465046 406593
486570 437526
326880 5483
151277 983440
278571 957334
251702 863223
711834 229063
252807 892227
174129 60615
89540 301718
490688 441905
320013 90766
905086 295266
161816 613012
68686 553057
51155 439741
819761 194316
683938 579318
813068 859034
860426 28732
574626 495958
152695 331349
781128 108960
39706 411663
105222 204175
538900 784300
565189 857390
915120 679815
201136 458892
590929 432281
810066 10032
516315 26235
353754 556196
849610 637555
633049 492737
862767 451558
290821 185098
444876 8060
736859 488842
321339 708055
175277 664602
136622 166421
284031 263340
535356 563328
451054 349569
685997 257710
15090 487867
677999 83737
259890 72865
145615 345446
398833 865209
794667 461676
136741 640519
853451 426731
818285 249206
363831 891340
781343 563202
547893 671477
265701 344294
569451 819267
397652 689047
831686 105564
398023 55915
987156 532475
996273 937027
850229 471273
308681 418686
474449 78762
617232 147393
459707 506302
516568 237794
295052 823900
139186 448857
219625 150773
223816 904148
739234 917129
350576 503326
945555 129579
29849 346165
872814 549433
741415 612558
864381 547880
749697 154128
440706 918043
174734 493874
909934 672664
698081 641164
845686 842374
780350 592821
72974 639034
827158 463210
939050 641461
213457 866686
819612 372122
316545 479747
404006 466431
563798 675258
148647 759351
807357 760764
650148 276372
587512 633537
418965 199859
845013 413588
168021 858949
664897 204811
955787 464338
563241 310157
817178 494691
617882 977962
550289 714700
910266 930975
451517 688193
210071 332100
83839 309350
461891 954395
123093 808035
69853 442947
678968 161076
787795 173850
233110 934003
811740 400537
670613 90298
105797 765896
78122 262890
834527 52017
750284 715323
536590 77289
302188 676249
451057 605031
711689 714527
542158 953178
224072 842372
217393 185607
936222 450883
927702 345797
860769 272294
400877 47576
965720 686747
305164 72030
819415 548239
461138 498081
456219 793888
797551 244500
922862 128949
559496 425053
22398 158803
181445 340680
855583 512279
738872 985480
655509 655587
329580 866139
41287 621935
483447 514439
313907 568317
371418 87832
313034 73684
403236 226700
66062 522095
745992 442386
134511 2917
73970 172636
867830 147710
772798 242445
351292 604947
423250 766615
529547 201620
712478 662272
265305 574302
526910 829388
903910 526038
38041 800602
8390 693100
468662 189325
828561 606900
911497 890238
432397 249446
559423 150235
211962 388850
329799 627158
274665 981726
200519 111791
831973 154298
395009 251969
643548 851467
278569 642739
248847 958646
935567 790817
181036 35054
820904 422264
348459 958832
919078 605434
334062 352980
700539 322081
155421 755772
114434 315708
241335 518464
298355 306335
482122 645744
854572 614139
538669 246028
627 71751
320080 207666
365883 894690
197404 411257
473553 594218
773300 815182
639115 269786
919334 15015
186571 818425
128377 67521
157153 834131
878866 963324
872164 955614
74731 983276
579229 310045
718718 866772
567807 537793
496266 137499
430031 350459
417818 426713
195129 352248
224787 294001
634950 175310
764550 631285
604742 878387
10383 203615
989357 222563
617031 124165
672600 657922
381585 918246
118338 158884
878976 10422
686638 747453
250903 860360
793989 904742
712899 991493
652178 716236
823885 868565
988114 152030
653001 932659
936324 949350
214671 333931
652483 363039
985239 63724
642354 595495
213136 953070
474949 683447
946509 404770
37732 13189
836129 5809
69611 758343
272000 761082
216814 791596
834258 32067
699492 225880
627721 53486
319884 400971
742198 79681
114998 817077
330394 970309
193100 707416
736690 531512
816099 517594
467767 474496
979115 820826
435072 537659
430309 801456
377613 223449
127109 909776
791494 980915
763394 356491
31532 508984
155461 146189
648159 314788
89755 678172
149664 553458
491838 558687
922033 938417
221715 946903
897269 519335
483545 953909
533577 477944
477674 938986
585305 764505
970344 87358
513681 919757
647081 986431
980402 815514
721580 78825
327723 664177
682507 419717
266417 886634
444374 986450
373204 448400
311386 928234
896513 576091
113187 927393
870966 186848
118111 626506
181710 735821
256364 872985
813200 685350
144674 819581
932264 993710
694572 427951
421832 876311
785378 200614
215593 123215
890674 805240
592188 679313
520296 384472
579151 338633
950071 608312
158014 415716
514353 541743
157492 227742
1299 731127
459106 995719
902476 753863
596021 319152
918986 435028
814835 869839
791394 541551
983871 639986
543936 980810
46716 90273
699605 28365
132226 405078
104232 733778
489382 55989
317320 127505
117062 813765
127928 992376
128964 147472
903688 507659
667440 596491
910569 707838
185749 953704
118031 596897
375935 802554
647617 592636
311138 814852
285658 374137
759842 718244
263670 645196
50783 120700
717185 241633
954488 352971
938734 821069
53226 906425
832010 937976
400900 311416
780909 987962
443559 288896
277951 710666
450602 870986
502824 425845
178804 208189
738432 660153
39678 249902
193478 410082
675478 466579
436880 736475
892888 828254
834751 279692
76033 116420
783275 95971
954586 77251
881457 754900
116122 383971
682221 537419
462558 215412
709864 754005
522240 463703
306069 834166
674980 55150
578981 973024
249874 39504
91232 164455
145863 324514
721755 389145
306637 222458
380689 483198
851025 498845
946797 578358
573794 745657
885810 462363
118697 10701
836192 353194
398447 457599
574376 970041
319926 912562
626974 678055
750062 700900
410711 908013
496381 190171
173603 5014
246204 269637
365778 298911
338217 1514
358837 297353
957666 180232
931356 175650
405304 572117
99780 175620
953241 590961
881306 20233
205300 126110
877501 691259
463018 574589
290382 879869
53014 460622
872599 238982
471491 696143
706171 27106
269105 790754
349477 336203
917199 653126
158998 9034
961724 478846
563199 517373
923414 468426
784829 571174
532071 47179
682599 823190
461415 50681
560524 461244
406388 470808
28434 177945
199198 940777
370354 915582
697174 695491
95820 973461
935732 84295
279162 914602
118917 582447
905540 776698
436328 166644
313282 718435
983694 634504
976489 107125
129634 605908
547353 590566
320077 388800
154629 603032
58446 422930
107416 228732
731088 665075
211189 240273
889323 360874
841474 643839
650397 97885
101661 863625
750503 336875
531757 260950
937103 58565
511519 925753
735921 232553
537196 234341
399995 946058
957767 11364
428603 920021
791300 385893
289880 667888
499191 44627
134608 423358
759937 560501
802958 574814
658575 167979
708600 437382
163802 384631
491088 298740
514806 510411
747143 434485
764185 900782
58049 414824
356640 68726
286307 723001
593357 730547
239386 557641
544436 857098
622733 20725
387730 542578
581232 642473
982666 725249
653317 522689
837915 230864
590527 61477
626373 702116
312689 860995
944100 546555
397181 5993
347617 190449
277317 995200
555650 992237
727162 998642
572747 678457
374410 418699
724084 96953
170193 696849
510086 479065
425634 109937
390994 37193
696124 830868
223217 239707
92018 309828
547747 267817
365508 320872
707973 635322
163725 991444
969887 384510
387173 196064
361881 909083
447108 941280
81981 327458
55380 116208
790938 505593
112565 266646
856236 598884
44174 381915
412288 851360
775464 781064
98266 757392
862812 314832
769666 1019
416410 468814
461446 252760
574269 544980
706884 142246
944361 889132
755530 308966
532862 515871
213101 784717
689653 447816
144299 2916
343609 192165
737810 496865
103561 848630
992751 820084
978237 531707
347654 709517
11675 410637
687396 928463
952442 595041
71685 125280
123871 745962
460764 267591
165316 584487
829654 193282
452147 43515
777558 640376
616480 963293
548276 511126
645772 115774
16456 357510
619230 943733
97305 284601
869615 189592
118963 718832
164068 319694
844968 379991
758492 415694
468361 434271
822725 597766
383085 703955
96749 233927
243693 492132
633400 293380
725991 787657
30036 108200
793902 458830
501478 69911
567909 944894
952780 83696
477727 962596
985524 378814
476286 8054
412956 143578
553420 174053
50591 490523
393531 928283
733918 972367
17836 347578
327582 366437
390124 584105
72552 895122
887090 461789
716211 266444
284205 863649
254160 270824
848578 59681
140153 495320
766182 242813
916569 869322
490834 972245
650239 338044
649627 397065
834842 550657
394219 830138
845214 258926
622408 931484
196590 418117
918961 118580
139545 268384
452187 684066
751131 220286
778797 731300
387017 659220
901570 731681
43955 773718
340219 453414
300140 910094
