100
692759 687484
269624 69669
671788 627694
363538 196273
623754 749998
965074 758693
83755 190599
413549 478320
364258 131059
913546 549492
136028 425388
374763 554077
779866 331592
946219 630333
755175 244933
227121 133997
762970 119612
194584 735317
499785 890432
489086 786492
857141 230789
322954 920025
267865 899213
902117 893538
781967 494227
410265 36216
100796 829678
567757 945873
560755 64737
752181 865325
376463 430042
892333 314034
547900 491136
758462 609181
329130 783203
730232 347321
296698 995691
906586 924964
920517 805697
749246 657217
880207 476616
40010 288462
376242 739609
571136 749967
730837 266009
689244 620710
99125 827573
913128 543915
424851 147081
826197 354163
639426 822134
524622 857901
841755 998930
565667 837560
425046 594462
933082 471282
201475 962198
722867 682348
424949 568958
389693 850263
68680 685536
146828 66325
674712 216199
624319 443812
956747 246094
490851 645429
897336 91125
182182 47096
858007 847437
662303 588218
710084 173923
223980 855123
677467 767981
42049 377246
913067 718405
486300 240165
239093 805398
121477 506136
615330 833899
903013 12312
842539 911653
2532 324663
993845 633641
319075 584101
140683 421766
363091 652236
990435 969950
829221 192784
615213 555340
729140 553371
472655 209233
881056 41578
209730 405734
209828 881823
719358 182225
590660 860826
846686 956503
195123 408358
582811 167777
21713 33706
